Typical Measured Spectrum of Semrock FF01-390/18 Optical Filter	
For wavelengths between 320 and 1120 nm, values near or below 3e-7 (Optical Density 6.5) are measurement noise limited.
For wavelengths < 320 nm and > 1120 nm, values near or below 3e-6 (Optical Density 5.5) are measurement noise limited. 
Data format:  Wavelength (nm) <tab> Transmission (0 to 1)
200.0	1.0e-07
200.2	3.3656e-06
200.4	1.1646e-05
200.6	5.7997e-06
200.8	3.7841e-07
201.0	3.7841e-07
201.2	1.0e-07
201.4	1.43e-07
201.6	3.0274e-06
201.8	1.0e-07
202.0	1.0e-07
202.2	1.0e-07
202.4	1.0e-07
202.6	1.0313e-06
202.8	7.7007e-07
203.0	1.37e-06
203.2	3.8838e-07
203.4	1.451e-07
203.6	1.0e-07
203.8	1.9549e-06
204.0	1.0e-07
204.2	9.4305e-07
204.4	2.8731e-06
204.6	3.7596e-07
204.8	3.8262e-06
205.0	1.1263e-05
205.2	3.7027e-07
205.4	7.871e-06
205.6	3.3203e-06
205.8	1.4939e-06
206.0	6.6535e-06
206.2	1.0e-07
206.4	5.1753e-07
206.6	1.7634e-06
206.8	1.0e-07
207.0	9.5088e-07
207.2	1.5008e-06
207.4	6.488e-07
207.6	1.0e-07
207.8	1.0e-07
208.0	2.6013e-07
208.2	2.4631e-07
208.4	2.7535e-06
208.6	1.0e-07
208.8	6.6883e-07
209.0	1.0e-07
209.2	1.3047e-06
209.4	4.2121e-06
209.6	4.4829e-06
209.8	3.4468e-07
210.0	3.4468e-07
210.2	4.5943e-06
210.4	2.8796e-07
210.6	1.0e-07
210.8	1.0e-07
211.0	1.0e-07
211.2	1.0e-07
211.4	1.0e-07
211.6	2.4769e-07
211.8	1.0e-07
212.0	1.0e-07
212.2	1.1179e-06
212.4	8.1269e-07
212.6	4.231e-07
212.8	1.0e-07
213.0	1.0e-07
213.2	1.0e-07
213.4	1.0e-07
213.6	7.6817e-08
213.8	1.0e-07
214.0	1.0e-07
214.2	1.0e-07
214.4	1.5995e-06
214.6	1.0e-07
214.8	1.0e-07
215.0	1.0322e-06
215.2	2.061e-07
215.4	7.4424e-07
215.6	1.0e-07
215.8	8.3114e-07
216.0	1.0e-07
216.2	3.1699e-06
216.4	1.5033e-07
216.6	1.5033e-07
216.8	1.0e-07
217.0	1.0e-07
217.2	1.0e-07
217.4	1.0e-07
217.6	1.0e-07
217.8	1.0e-07
218.0	1.0e-07
218.2	1.0e-07
218.4	7.5647e-07
218.6	1.717e-06
218.8	1.0e-07
219.0	1.0e-07
219.2	1.0e-07
219.4	3.3716e-06
219.6	2.1487e-06
219.8	2.5164e-06
220.0	1.0194e-06
220.2	1.7368e-07
220.4	1.378e-06
220.6	1.2205e-07
220.8	1.2205e-07
221.0	1.0e-07
221.2	5.7321e-07
221.4	4.8617e-07
221.6	2.9676e-07
221.8	1.0e-07
222.0	1.0e-07
222.2	1.0e-07
222.4	1.0e-07
222.6	4.8045e-07
222.8	2.3306e-06
223.0	3.7406e-07
223.2	1.6379e-06
223.4	4.607e-07
223.6	2.1835e-06
223.8	2.7952e-07
224.0	1.0e-07
224.2	7.1096e-07
224.4	1.0e-07
224.6	1.0e-07
224.8	1.2746e-07
225.0	2.5051e-07
225.2	1.9573e-07
225.4	1.0e-07
225.6	3.3803e-07
225.8	6.6795e-07
226.0	6.6787e-07
226.2	5.3258e-07
226.4	4.8592e-07
226.6	1.7716e-07
226.8	1.7716e-07
227.0	1.0e-07
227.2	7.4793e-07
227.4	5.8884e-07
227.6	1.3553e-06
227.8	1.0e-07
228.0	1.0266e-07
228.2	5.451e-07
228.4	6.6828e-07
228.6	7.5237e-07
228.8	1.0e-07
229.0	1.0e-07
229.2	1.0e-07
229.4	1.0e-07
229.6	4.5991e-07
229.8	1.0e-07
230.0	8.2435e-07
230.2	5.9946e-08
230.4	1.0e-07
230.6	1.0e-07
230.8	1.0e-07
231.0	3.7366e-07
231.2	5.6952e-07
231.4	1.2858e-06
231.6	2.6282e-07
231.8	1.0e-07
232.0	1.4088e-07
232.2	1.4088e-07
232.4	1.0e-07
232.6	1.567e-07
232.8	1.567e-07
233.0	1.0e-07
233.2	1.3426e-07
233.4	1.1517e-07
233.6	1.0e-07
233.8	2.401e-07
234.0	6.1607e-08
234.2	6.8748e-07
234.4	2.8418e-07
234.6	4.6551e-07
234.8	1.0e-07
235.0	3.3181e-07
235.2	4.6096e-07
235.4	2.7994e-07
235.6	1.0e-07
235.8	1.0e-07
236.0	1.0e-07
236.2	1.0e-07
236.4	5.3958e-07
236.6	1.0e-07
236.8	1.0e-07
237.0	3.4099e-07
237.2	1.0e-07
237.4	4.6144e-07
237.6	1.5689e-07
237.8	2.8164e-07
238.0	2.9847e-07
238.2	1.0e-07
238.4	5.8625e-07
238.6	1.3516e-06
238.8	1.5737e-06
239.0	1.0e-07
239.2	2.8044e-07
239.4	1.0e-07
239.6	1.0663e-06
239.8	2.7119e-07
240.0	1.0e-07
240.2	1.0e-07
240.4	1.4633e-07
240.6	1.2335e-07
240.8	1.1741e-08
241.0	3.959e-07
241.2	4.0706e-07
241.4	4.5924e-07
241.6	1.0e-07
241.8	1.0e-07
242.0	1.0e-07
242.2	2.7843e-07
242.4	1.571e-07
242.6	3.6487e-07
242.8	1.0e-07
243.0	1.0e-07
243.2	1.0963e-06
243.4	9.9961e-07
243.6	2.4502e-07
243.8	1.0e-07
244.0	4.2188e-07
244.2	2.1125e-07
244.4	6.0202e-07
244.6	8.778e-07
244.8	1.2361e-07
245.0	8.8444e-07
245.2	1.0e-07
245.4	4.082e-07
245.6	6.8178e-07
245.8	6.171e-07
246.0	1.1817e-07
246.2	4.014e-07
246.4	7.2979e-07
246.6	4.0179e-07
246.8	6.6264e-07
247.0	1.0e-07
247.2	1.0e-07
247.4	1.0e-07
247.6	1.0e-07
247.8	1.0e-07
248.0	8.9753e-07
248.2	1.0e-07
248.4	2.911e-07
248.6	2.5929e-07
248.8	2.3232e-07
249.0	1.0e-07
249.2	1.0e-07
249.4	1.0e-07
249.6	1.0e-07
249.8	1.0e-07
250.0	1.1934e-07
250.2	1.0e-07
250.4	1.0e-07
250.6	2.9914e-07
250.8	1.9538e-07
251.0	9.4485e-08
251.2	1.0193e-06
251.4	7.7856e-07
251.6	3.5553e-07
251.8	3.0551e-07
252.0	1.0e-07
252.2	1.0e-07
252.4	4.6719e-07
252.6	1.0e-07
252.8	1.0e-07
253.0	1.0e-07
253.2	4.5821e-07
253.4	1.0e-07
253.6	1.868e-07
253.8	1.0909e-06
254.0	9.37e-07
254.2	2.2881e-07
254.4	2.2881e-07
254.6	1.0e-07
254.8	1.7613e-07
255.0	4.2035e-07
255.2	1.9044e-07
255.4	6.8754e-07
255.6	7.6036e-07
255.8	1.1184e-06
256.0	7.806e-08
256.2	2.057e-07
256.4	5.5881e-07
256.6	1.9687e-06
256.8	4.2374e-07
257.0	1.0e-07
257.2	6.09e-08
257.4	1.0e-07
257.6	1.0e-07
257.8	1.0e-07
258.0	1.5993e-07
258.2	8.9307e-07
258.4	1.2683e-07
258.6	8.8614e-08
258.8	1.193e-08
259.0	3.5e-07
259.2	1.0e-07
259.4	1.0e-07
259.6	5.0322e-08
259.8	1.0e-07
260.0	7.7419e-07
260.2	6.435e-07
260.4	2.4371e-07
260.6	6.08e-07
260.8	1.0e-07
261.0	4.6785e-07
261.2	9.5135e-08
261.4	1.0e-07
261.6	1.0481e-07
261.8	1.0e-07
262.0	1.6246e-07
262.2	1.6246e-07
262.4	3.2138e-07
262.6	7.2735e-07
262.8	1.0093e-06
263.0	1.0724e-07
263.2	2.4412e-07
263.4	9.6807e-08
263.6	7.0317e-07
263.8	1.0e-07
264.0	1.0e-07
264.2	1.0e-07
264.4	5.289e-07
264.6	2.834e-07
264.8	1.3114e-07
265.0	5.1121e-07
265.2	1.8361e-07
265.4	1.0e-07
265.6	1.0e-07
265.8	1.0e-07
266.0	1.0e-07
266.2	1.6034e-07
266.4	1.0e-07
266.6	1.0715e-07
266.8	1.8255e-07
267.0	5.344e-07
267.2	1.0e-07
267.4	6.2029e-08
267.6	6.2029e-08
267.8	1.0e-07
268.0	1.6155e-07
268.2	1.1694e-06
268.4	3.2165e-07
268.6	1.0e-07
268.8	1.0e-07
269.0	1.0e-07
269.2	6.3611e-07
269.4	2.2068e-07
269.6	1.0e-07
269.8	3.245e-07
270.0	1.0e-07
270.2	1.0e-07
270.4	2.1841e-07
270.6	1.0e-07
270.8	3.8141e-07
271.0	4.4976e-07
271.2	1.8826e-07
271.4	1.0e-07
271.6	1.6089e-07
271.8	1.6089e-07
272.0	1.0e-07
272.2	1.0e-07
272.4	1.0e-07
272.6	5.1284e-07
272.8	4.3105e-07
273.0	3.4189e-07
273.2	1.9076e-07
273.4	2.0065e-07
273.6	6.8071e-07
273.8	1.0e-07
274.0	1.0e-07
274.2	1.0e-07
274.4	1.0e-07
274.6	2.9774e-07
274.8	1.0e-07
275.0	1.0e-07
275.2	1.0e-07
275.4	1.0e-07
275.6	1.0e-07
275.8	1.0671e-06
276.0	2.0399e-07
276.2	1.0e-07
276.4	1.0e-07
276.6	1.0e-07
276.8	1.0e-07
277.0	2.7882e-07
277.2	1.0e-07
277.4	1.0e-07
277.6	1.0e-07
277.8	1.0e-07
278.0	1.0e-07
278.2	1.0e-07
278.4	1.0e-07
278.6	1.0e-07
278.8	1.6568e-07
279.0	1.6568e-07
279.2	1.0e-07
279.4	1.6412e-07
279.6	1.6412e-07
279.8	1.5472e-07
280.0	1.5525e-07
280.2	2.1838e-07
280.4	1.0e-07
280.6	1.0e-07
280.8	1.0e-07
281.0	1.0e-07
281.2	1.7247e-07
281.4	7.2317e-07
281.6	2.9978e-07
281.8	3.0732e-07
282.0	1.0e-07
282.2	1.0e-07
282.4	7.3209e-07
282.6	1.7121e-07
282.8	2.5172e-07
283.0	1.5938e-07
283.2	6.1195e-07
283.4	1.2904e-06
283.6	6.2093e-08
283.8	1.1837e-07
284.0	1.0e-07
284.2	1.0e-07
284.4	1.7909e-07
284.6	5.6145e-07
284.8	1.0e-07
285.0	1.0e-07
285.2	4.7782e-08
285.4	1.0251e-07
285.6	3.5963e-07
285.8	1.0e-07
286.0	1.6799e-07
286.2	1.4e-07
286.4	1.0737e-07
286.6	1.0e-07
286.8	1.0e-07
287.0	1.0e-07
287.2	1.0e-07
287.4	1.0e-07
287.6	1.0e-07
287.8	1.0e-07
288.0	1.0e-07
288.2	2.7496e-07
288.4	9.8559e-08
288.6	6.2906e-07
288.8	1.0e-07
289.0	1.0e-07
289.2	1.0e-07
289.4	1.0e-07
289.6	1.0e-07
289.8	5.3733e-07
290.0	7.9055e-07
290.2	7.48e-07
290.4	1.4588e-07
290.6	1.0e-07
290.8	2.3464e-07
291.0	6.6703e-07
291.2	7.8699e-07
291.4	1.5952e-07
291.6	1.5952e-07
291.8	1.0e-07
292.0	2.0129e-07
292.2	8.1264e-07
292.4	7.8953e-07
292.6	2.3331e-07
292.8	7.3704e-07
293.0	1.0e-07
293.2	1.0e-07
293.4	1.0e-07
293.6	1.0e-07
293.8	9.8458e-08
294.0	9.8458e-08
294.2	1.0e-07
294.4	1.0e-07
294.6	5.7769e-07
294.8	1.043e-06
295.0	6.4567e-07
295.2	1.4963e-07
295.4	8.3371e-08
295.6	1.0e-07
295.8	1.8504e-07
296.0	1.6655e-06
296.2	1.0753e-06
296.4	1.5475e-07
296.6	1.0e-07
296.8	1.7672e-07
297.0	1.7672e-07
297.2	1.0026e-06
297.4	1.1369e-06
297.6	6.5957e-07
297.8	4.3199e-07
298.0	3.8898e-07
298.2	1.1286e-07
298.4	7.3097e-07
298.6	2.019e-07
298.8	3.8531e-08
299.0	1.0e-07
299.2	1.8271e-07
299.4	5.7848e-07
299.6	1.0e-07
299.8	1.0e-07
300.0	1.0e-07
300.2	1.0e-07
300.4	7.2996e-07
300.6	1.8386e-07
300.8	6.4736e-07
301.0	3.0317e-07
301.2	3.0957e-07
301.4	8.9892e-07
301.6	2.3531e-07
301.8	2.3531e-07
302.0	2.401e-08
302.2	2.2804e-07
302.4	6.0422e-07
302.6	3.2405e-07
302.8	1.0e-07
303.0	1.0e-07
303.2	1.171e-06
303.4	1.784e-06
303.6	8.9776e-07
303.8	2.7649e-06
304.0	7.3574e-07
304.2	1.1278e-07
304.4	2.3893e-08
304.6	5.9484e-07
304.8	2.377e-07
305.0	1.0e-07
305.2	8.6915e-08
305.4	3.7624e-07
305.6	1.0e-07
305.8	2.0949e-07
306.0	9.8571e-07
306.2	1.0e-07
306.4	1.0e-07
306.6	4.0495e-07
306.8	1.0e-07
307.0	1.0e-07
307.2	1.0e-07
307.4	1.9146e-06
307.6	8.7918e-07
307.8	9.8865e-07
308.0	4.5509e-07
308.2	7.8573e-07
308.4	4.0351e-07
308.6	5.6451e-07
308.8	5.8861e-07
309.0	1.0e-07
309.2	1.0e-07
309.4	1.0e-07
309.6	1.0e-07
309.8	6.1046e-07
310.0	3.1781e-07
310.2	1.2137e-06
310.4	1.9142e-07
310.6	1.2215e-06
310.8	1.9454e-06
311.0	2.6443e-06
311.2	7.398e-07
311.4	7.3971e-07
311.6	8.1775e-07
311.8	1.5317e-06
312.0	5.1413e-07
312.2	1.0e-07
312.4	1.1029e-06
312.6	1.8824e-07
312.8	1.0e-07
313.0	1.1114e-06
313.2	2.1071e-07
313.4	2.2781e-07
313.6	4.6834e-07
313.8	1.0415e-06
314.0	5.2686e-07
314.2	2.0335e-07
314.4	1.652e-06
314.6	2.697e-06
314.8	2.0778e-07
315.0	1.0e-07
315.2	2.6403e-07
315.4	1.643e-07
315.6	1.643e-07
315.8	1.5018e-06
316.0	1.192e-06
316.2	9.7552e-07
316.4	1.0e-07
316.6	2.9864e-07
316.8	1.0e-07
317.0	1.0e-07
317.2	1.3571e-07
317.4	5.2762e-07
317.6	1.0e-07
317.8	1.8039e-07
318.0	4.242e-07
318.2	8.1795e-07
318.4	1.0e-07
318.6	3.8614e-08
318.8	1.0e-07
319.0	1.0468e-06
319.2	5.9305e-07
319.4	6.205e-06
319.6	2.4574e-07
319.8	1.0e-07
320.0	2.3957e-06
320.2	2.5805e-06
320.4	2.7806e-06
320.6	6.1995e-06
320.8	2.0694e-06
321.0	1.7588e-06
321.2	1.7907e-06
321.4	2.4802e-06
321.6	4.8154e-06
321.8	1.9722e-06
322.0	2.9352e-06
322.2	2.5017e-06
322.4	1.7568e-06
322.6	1.7685e-06
322.8	1.8649e-06
323.0	4.4746e-06
323.2	3.6367e-06
323.4	2.1085e-06
323.6	2.0349e-06
323.8	1.9586e-06
324.0	1.8753e-06
324.2	1.8092e-06
324.4	2.673e-06
324.6	7.6611e-06
324.8	3.5035e-06
325.0	1.9302e-06
325.2	1.5425e-06
325.4	1.521e-06
325.6	1.5122e-06
325.8	1.5436e-06
326.0	3.5302e-06
326.2	6.2533e-06
326.4	7.1957e-06
326.6	5.9516e-06
326.8	4.7026e-06
327.0	2.1258e-06
327.2	1.5033e-06
327.4	1.5205e-06
327.6	1.5292e-06
327.8	1.4362e-06
328.0	1.3854e-06
328.2	1.3456e-06
328.4	1.3109e-06
328.6	1.2808e-06
328.8	1.2798e-06
329.0	1.2967e-06
329.2	1.2591e-06
329.4	1.2111e-06
329.6	1.1851e-06
329.8	1.165e-06
330.0	2.4196e-06
330.2	3.9448e-06
330.4	3.2129e-06
330.6	1.1902e-06
330.8	1.1292e-06
331.0	1.1033e-06
331.2	1.0848e-06
331.4	1.0684e-06
331.6	1.0555e-06
331.8	1.0809e-06
332.0	1.1171e-06
332.2	2.227e-06
332.4	2.6632e-06
332.6	1.0018e-06
332.8	9.875e-07
333.0	9.7589e-07
333.2	9.8255e-07
333.4	1.0071e-06
333.6	1.2042e-06
333.8	2.716e-06
334.0	1.3201e-06
334.2	9.5553e-07
334.4	9.4874e-07
334.6	9.4403e-07
334.8	9.6184e-07
335.0	9.9044e-07
335.2	9.6195e-07
335.4	1.5586e-06
335.6	3.7443e-06
335.8	1.0382e-06
336.0	8.6219e-07
336.2	1.1971e-06
336.4	1.4723e-06
336.6	9.9235e-07
336.8	1.569e-06
337.0	9.9537e-07
337.2	7.9386e-07
337.4	7.8488e-07
337.6	7.7953e-07
337.8	8.0554e-07
338.0	8.4064e-07
338.2	1.6974e-06
338.4	2.011e-06
338.6	7.6338e-07
338.8	7.529e-07
339.0	7.4225e-07
339.2	7.4565e-07
339.4	7.626e-07
339.6	7.7286e-07
339.8	7.211e-07
340.0	1.151e-06
340.2	9.6928e-07
340.4	6.7484e-07
340.6	6.676e-07
340.8	6.9231e-07
341.0	7.2885e-07
341.2	6.9603e-07
341.4	1.0365e-06
341.6	2.4898e-06
341.8	1.966e-06
342.0	8.8991e-07
342.2	6.4102e-07
342.4	6.6714e-07
342.6	6.867e-07
342.8	6.3042e-07
343.0	9.9371e-07
343.2	8.6437e-07
343.4	5.9679e-07
343.6	6.4272e-07
343.8	2.3586e-06
344.0	1.0223e-06
344.2	1.101e-06
344.4	1.2575e-06
344.6	5.8187e-07
344.8	5.7683e-07
345.0	5.7192e-07
345.2	5.8374e-07
345.4	6.116e-07
345.6	6.3002e-07
345.8	5.7404e-07
346.0	1.502e-06
346.2	1.9058e-06
346.4	1.4546e-06
346.6	1.0331e-06
346.8	6.2396e-07
347.0	5.9902e-07
347.2	5.8072e-07
347.4	5.564e-07
347.6	5.5524e-07
347.8	5.5801e-07
348.0	5.621e-07
348.2	5.7938e-07
348.4	6.086e-07
348.6	7.2535e-07
348.8	1.6107e-06
349.0	8.1521e-07
349.2	5.7634e-07
349.4	5.6999e-07
349.6	5.6554e-07
349.8	6.0231e-07
350.0	4.4206e-06
350.2	1.2541e-05
350.4	1.3403e-05
350.6	1.0042e-05
350.8	9.4242e-06
351.0	6.4059e-06
351.2	6.2654e-06
351.4	6.9678e-06
351.6	5.7093e-06
351.8	9.4794e-06
352.0	9.4058e-06
352.2	7.3471e-06
352.4	5.9797e-06
352.6	6.5653e-06
352.8	8.8957e-06
353.0	6.0354e-06
353.2	7.6064e-06
353.4	1.0981e-05
353.6	1.0833e-05
353.8	1.0749e-05
354.0	9.8277e-06
354.2	9.0565e-06
354.4	9.3279e-06
354.6	1.1037e-05
354.8	9.1096e-06
355.0	8.818e-06
355.2	9.6034e-06
355.4	1.1167e-05
355.6	1.3175e-05
355.8	1.6387e-05
356.0	1.547e-05
356.2	1.5656e-05
356.4	1.5197e-05
356.6	1.2742e-05
356.8	1.1221e-05
357.0	1.5863e-05
357.2	1.7852e-05
357.4	1.7914e-05
357.6	2.127e-05
357.8	2.0583e-05
358.0	2.4822e-05
358.2	2.9878e-05
358.4	3.359e-05
358.6	3.4523e-05
358.8	3.7105e-05
359.0	3.8602e-05
359.2	3.9527e-05
359.4	3.9562e-05
359.6	3.9626e-05
359.8	4.7419e-05
360.0	4.6777e-05
360.2	4.8627e-05
360.4	5.4052e-05
360.6	6.1148e-05
360.8	6.8285e-05
361.0	6.6404e-05
361.2	6.4807e-05
361.4	6.4809e-05
361.6	6.6184e-05
361.8	6.5724e-05
362.0	6.3542e-05
362.2	5.9947e-05
362.4	5.8121e-05
362.6	5.9455e-05
362.8	5.9042e-05
363.0	5.5994e-05
363.2	6.1363e-05
363.4	7.2659e-05
363.6	7.9114e-05
363.8	8.5803e-05
364.0	1.0015e-04
364.2	1.1753e-04
364.4	1.3833e-04
364.6	1.6546e-04
364.8	2.0829e-04
365.0	2.2882e-04
365.2	2.6279e-04
365.4	3.0642e-04
365.6	3.4603e-04
365.8	3.8958e-04
366.0	4.1855e-04
366.2	4.7361e-04
366.4	5.2372e-04
366.6	5.21e-04
366.8	5.8622e-04
367.0	6.3958e-04
367.2	7.0463e-04
367.4	7.7686e-04
367.6	8.4867e-04
367.8	9.6632e-04
368.0	9.7937e-04
368.2	0.00105
368.4	0.00116
368.6	0.00124
368.8	0.00131
369.0	0.00139
369.2	0.0015
369.4	0.00156
369.6	0.00148
369.8	0.00162
370.0	0.00169
370.2	0.00178
370.4	0.00189
370.6	0.00203
370.8	0.0023
371.0	0.00229
371.2	0.00249
371.4	0.0028
371.6	0.00304
371.8	0.00335
372.0	0.00366
372.2	0.00412
372.4	0.00453
372.6	0.00457
372.8	0.00519
373.0	0.00569
373.2	0.00625
373.4	0.00693
373.6	0.00778
373.8	0.00935
374.0	0.00987
374.2	0.01211
374.4	0.01389
374.6	0.01643
374.8	0.0195
375.0	0.02314
375.2	0.02727
375.4	0.03177
375.6	0.04088
375.8	0.04277
376.0	0.04724
376.2	0.05136
376.4	0.05537
376.6	0.05962
376.8	0.06425
377.0	0.06155
377.2	0.07087
377.4	0.07707
377.6	0.08795
377.8	0.10149
378.0	0.12054
378.2	0.14635
378.4	0.18106
378.6	0.23889
378.8	0.28628
379.0	0.36598
379.2	0.46487
379.4	0.57873
379.6	0.69481
379.8	0.80043
380.0	0.86049
380.2	0.93649
380.4	0.95836
380.6	0.96451
380.8	0.96637
381.0	0.96578
381.2	0.96636
381.4	0.96802
381.6	0.96566
381.8	0.96591
382.0	0.96702
382.2	0.96573
382.4	0.96567
382.6	0.96454
382.8	0.96534
383.0	0.96346
383.2	0.96742
383.4	0.9698
383.6	0.97039
383.8	0.97108
384.0	0.97171
384.2	0.97816
384.4	0.97219
384.6	0.96831
384.8	0.96845
385.0	0.96664
385.2	0.96647
385.4	0.96693
385.6	0.96774
385.8	0.96765
386.0	0.96729
386.2	0.96929
386.4	0.96775
386.6	0.96608
386.8	0.96731
387.0	0.96375
387.2	0.96612
387.4	0.96488
387.6	0.9665
387.8	0.96694
388.0	0.96787
388.2	0.9699
388.4	0.97994
388.6	0.9755
388.8	0.97368
389.0	0.97575
389.2	0.97573
389.4	0.97541
389.6	0.97467
389.8	0.97208
390.0	0.97357
390.2	0.97352
390.4	0.97477
390.6	0.9738
390.8	0.97411
391.0	0.97217
391.2	0.97014
391.4	0.97264
391.6	0.97166
391.8	0.96803
392.0	0.96796
392.2	0.9683
392.4	0.96655
392.6	0.97638
392.8	0.96886
393.0	0.96829
393.2	0.96894
393.4	0.96978
393.6	0.96925
393.8	0.9683
394.0	0.96188
394.2	0.96589
394.4	0.96383
394.6	0.96178
394.8	0.9609
395.0	0.96097
395.2	0.96181
395.4	0.96584
395.6	0.96397
395.8	0.96448
396.0	0.96552
396.2	0.96704
396.4	0.9678
396.6	0.96771
396.8	0.96526
397.0	0.96828
397.2	0.96669
397.4	0.96727
397.6	0.96643
397.8	0.96818
398.0	0.9678
398.2	0.9605
398.4	0.97308
398.6	0.96942
398.8	0.96812
399.0	0.96627
399.2	0.96109
399.4	0.95472
399.6	0.94094
399.8	0.9387
400.0	0.92322
400.2	0.90998
400.4	0.89684
400.6	0.88174
400.8	0.85829
401.0	0.82872
401.2	0.71944
401.4	0.58851
401.6	0.44189
401.8	0.30923
402.0	0.20811
402.2	0.13845
402.4	0.09534
402.6	0.06203
402.8	0.04322
403.0	0.03133
403.2	0.02338
403.4	0.01794
403.6	0.01417
403.8	0.01154
404.0	0.00916
404.2	0.00784
404.4	0.00685
404.6	0.00616
404.8	0.00569
405.0	0.00528
405.2	0.0053
405.4	0.00472
405.6	0.00444
405.8	0.00414
406.0	0.00377
406.2	0.00335
406.4	0.00287
406.6	0.00254
406.8	0.00203
407.0	0.00169
407.2	0.00142
407.4	0.00121
407.6	0.00102
407.8	8.9414e-04
408.0	8.3987e-04
408.2	7.1773e-04
408.4	6.5413e-04
408.6	6.354e-04
408.8	5.9568e-04
409.0	5.5756e-04
409.2	5.5319e-04
409.4	5.6106e-04
409.6	4.8915e-04
409.8	4.4358e-04
410.0	3.9582e-04
410.2	3.4565e-04
410.4	2.9692e-04
410.6	2.3636e-04
410.8	2.185e-04
411.0	1.8056e-04
411.2	1.4658e-04
411.4	1.2644e-04
411.6	1.1537e-04
411.8	9.6838e-05
412.0	9.3298e-05
412.2	8.6327e-05
412.4	7.3553e-05
412.6	7.1194e-05
412.8	6.6523e-05
413.0	7.1208e-05
413.2	6.2827e-05
413.4	5.8493e-05
413.6	6.1607e-05
413.8	5.9787e-05
414.0	4.754e-05
414.2	5.1459e-05
414.4	4.1258e-05
414.6	3.3659e-05
414.8	3.2394e-05
415.0	3.2305e-05
415.2	2.3945e-05
415.4	2.2625e-05
415.6	2.3455e-05
415.8	1.7076e-05
416.0	1.5765e-05
416.2	1.8247e-05
416.4	1.3694e-05
416.6	1.3072e-05
416.8	1.2898e-05
417.0	1.189e-05
417.2	1.099e-05
417.4	9.1538e-06
417.6	1.0666e-05
417.8	1.048e-05
418.0	9.9218e-06
418.2	6.8449e-06
418.4	9.0896e-06
418.6	7.8978e-06
418.8	7.2509e-06
419.0	6.6927e-06
419.2	9.3281e-06
419.4	8.1229e-06
419.6	6.6512e-06
419.8	8.7904e-06
420.0	7.5254e-06
420.2	7.4304e-06
420.4	7.0554e-06
420.6	7.7391e-06
420.8	5.7191e-06
421.0	5.4113e-06
421.2	6.062e-06
421.4	3.8247e-06
421.6	4.6394e-06
421.8	1.6328e-06
422.0	5.1701e-06
422.2	4.5193e-06
422.4	3.6815e-06
422.6	3.7846e-06
422.8	2.5096e-06
423.0	2.2512e-06
423.2	2.1346e-06
423.4	3.3395e-06
423.6	3.3195e-06
423.8	1.2541e-06
424.0	1.8694e-06
424.2	1.5906e-06
424.4	1.5521e-06
424.6	2.1436e-06
424.8	3.4548e-06
425.0	2.4173e-06
425.2	2.9711e-06
425.4	2.2767e-06
425.6	2.8659e-06
425.8	1.4937e-06
426.0	2.6355e-06
426.2	4.4786e-06
426.4	2.275e-06
426.6	1.6741e-06
426.8	2.0917e-06
427.0	1.2266e-06
427.2	3.0403e-06
427.4	4.0376e-06
427.6	1.6522e-06
427.8	2.2708e-06
428.0	2.4491e-06
428.2	2.0799e-06
428.4	1.0347e-06
428.6	1.4248e-06
428.8	1.5431e-06
429.0	1.005e-06
429.2	2.3199e-06
429.4	5.2248e-07
429.6	1.5549e-06
429.8	1.2541e-06
430.0	6.5653e-07
430.2	1.5374e-06
430.4	1.998e-06
430.6	2.5359e-06
430.8	5.2047e-07
431.0	1.5154e-06
431.2	1.2751e-06
431.4	8.1992e-07
431.6	5.4585e-07
431.8	1.506e-06
432.0	2.3671e-06
432.2	2.03e-06
432.4	5.699e-07
432.6	6.5682e-07
432.8	1.3182e-06
433.0	5.2789e-07
433.2	6.8718e-07
433.4	6.2666e-07
433.6	1.8811e-06
433.8	1.1453e-06
434.0	1.6476e-06
434.2	6.539e-07
434.4	2.5587e-06
434.6	2.8723e-06
434.8	9.7289e-07
435.0	5.4664e-08
435.2	5.4506e-08
435.4	5.4372e-08
435.6	5.4219e-08
435.8	5.4073e-08
436.0	5.3947e-08
436.2	5.3836e-08
436.4	1.0612e-07
436.6	6.1038e-08
436.8	5.3598e-08
437.0	5.3493e-08
437.2	7.4441e-08
437.4	2.0483e-07
437.6	6.8268e-08
437.8	8.1227e-08
438.0	6.3953e-08
438.2	5.2887e-08
438.4	5.2734e-08
438.6	5.2584e-08
438.8	5.251e-08
439.0	5.2405e-08
439.2	1.6458e-07
439.4	3.7266e-07
439.6	1.6474e-07
439.8	5.2057e-08
440.0	5.1917e-08
440.2	5.179e-08
440.4	5.1678e-08
440.6	5.1619e-08
440.8	5.1578e-08
441.0	5.146e-08
441.2	5.8648e-08
441.4	2.088e-07
441.6	8.7632e-08
441.8	1.3827e-07
442.0	2.7887e-07
442.2	7.4212e-08
442.4	5.0724e-08
442.6	5.0586e-08
442.8	3.936e-07
443.0	1.7035e-07
443.2	5.0179e-08
443.4	5.0093e-08
443.6	5.005e-08
443.8	4.9978e-08
444.0	4.9831e-08
444.2	4.9669e-08
444.4	6.6949e-08
444.6	8.4534e-08
444.8	5.0538e-08
445.0	1.7534e-07
445.2	5.289e-08
445.4	1.3762e-07
445.6	1.6782e-07
445.8	1.9251e-07
446.0	2.7224e-07
446.2	5.8317e-08
446.4	6.0434e-08
446.6	1.5477e-07
446.8	8.0568e-08
447.0	4.81e-08
447.2	7.5987e-08
447.4	4.3017e-07
447.6	7.5596e-08
447.8	1.0829e-07
448.0	7.2317e-08
448.2	4.7353e-08
448.4	4.7208e-08
448.6	4.7047e-08
448.8	4.6928e-08
449.0	4.683e-08
449.2	4.6768e-08
449.4	4.6664e-08
449.6	1.2398e-07
449.8	5.4965e-07
450.0	2.4354e-07
450.2	7.0069e-08
450.4	8.2152e-08
450.6	1.7955e-07
450.8	3.4908e-07
451.0	2.8312e-07
451.2	4.7156e-08
451.4	8.1199e-08
451.6	1.4002e-07
451.8	9.9441e-08
452.0	4.485e-08
452.2	4.4825e-08
452.4	4.4734e-08
452.6	4.4585e-08
452.8	4.4417e-08
453.0	4.4244e-08
453.2	8.311e-08
453.4	3.3721e-07
453.6	7.1801e-08
453.8	4.3827e-08
454.0	4.3636e-08
454.2	4.3495e-08
454.4	4.3373e-08
454.6	6.4173e-08
454.8	3.3119e-07
455.0	2.1899e-07
455.2	5.3208e-08
455.4	4.2899e-08
455.6	4.2757e-08
455.8	4.2602e-08
456.0	4.2446e-08
456.2	4.2312e-08
456.4	9.9443e-08
456.6	5.6784e-08
456.8	7.9497e-08
457.0	1.258e-07
457.2	1.0492e-07
457.4	4.3882e-08
457.6	9.4009e-08
457.8	1.5199e-07
458.0	7.2997e-08
458.2	5.7384e-08
458.4	9.8925e-08
458.6	1.5189e-07
458.8	5.0366e-08
459.0	4.0747e-08
459.2	6.5189e-08
459.4	1.818e-07
459.6	1.7269e-07
459.8	4.0352e-08
460.0	4.0191e-08
460.2	1.4348e-07
460.4	9.7349e-08
460.6	4.8849e-08
460.8	9.5884e-08
461.0	1.9894e-07
461.2	1.9692e-07
461.4	5.501e-08
461.6	3.9386e-08
461.8	9.6989e-08
462.0	3.2205e-07
462.2	8.7935e-08
462.4	3.9097e-08
462.6	3.8987e-08
462.8	8.3764e-08
463.0	6.7758e-08
463.2	6.0713e-08
463.4	1.7088e-07
463.6	4.8825e-08
463.8	3.8445e-08
464.0	3.8217e-08
464.2	1.3416e-07
464.4	1.5362e-07
464.6	4.6883e-08
464.8	1.4055e-07
465.0	1.5136e-07
465.2	2.6748e-07
465.4	7.7269e-08
465.6	3.7362e-08
465.8	4.3767e-08
466.0	7.6453e-08
466.2	2.061e-07
466.4	1.3096e-07
466.6	5.0947e-08
466.8	3.6714e-08
467.0	5.1756e-08
467.2	9.7233e-08
467.4	4.0676e-08
467.6	1.1003e-07
467.8	1.6379e-07
468.0	6.9168e-08
468.2	5.7673e-08
468.4	8.4163e-08
468.6	3.6106e-08
468.8	8.5716e-08
469.0	5.5198e-08
469.2	5.5193e-08
469.4	6.4483e-08
469.6	4.9323e-08
469.8	9.5041e-08
470.0	3.9692e-08
470.2	3.4888e-08
470.4	3.4788e-08
470.6	4.1323e-08
470.8	7.7253e-08
471.0	9.7028e-08
471.2	3.4361e-08
471.4	3.4232e-08
471.6	5.272e-08
471.8	5.0805e-08
472.0	4.6141e-08
472.2	8.9504e-08
472.4	3.3731e-08
472.6	3.3585e-08
472.8	1.1188e-07
473.0	1.6663e-07
473.2	2.0895e-07
473.4	2.5816e-07
473.6	6.1436e-08
473.8	7.1406e-08
474.0	1.4655e-07
474.2	2.2339e-07
474.4	9.9907e-08
474.6	5.3061e-08
474.8	2.2442e-07
475.0	1.9119e-07
475.2	3.2452e-08
475.4	3.2056e-08
475.6	9.0397e-08
475.8	9.7998e-08
476.0	3.9675e-08
476.2	1.1879e-07
476.4	1.0572e-07
476.6	3.5701e-08
476.8	1.1019e-07
477.0	1.5267e-07
477.2	1.4565e-07
477.4	2.0191e-07
477.6	1.0266e-07
477.8	8.6707e-08
478.0	3.7955e-08
478.2	1.1894e-07
478.4	1.1011e-07
478.6	3.7818e-08
478.8	8.9821e-08
479.0	3.7858e-08
479.2	2.987e-08
479.4	2.9787e-08
479.6	6.5143e-08
479.8	7.1736e-08
480.0	3.2632e-08
480.2	5.6326e-08
480.4	3.504e-08
480.6	5.3505e-08
480.8	4.2464e-08
481.0	2.8864e-08
481.2	2.8717e-08
481.4	3.2053e-08
481.6	1.1454e-07
481.8	1.014e-07
482.0	5.9607e-08
482.2	3.4828e-08
482.4	2.8025e-08
482.6	3.8606e-08
482.8	1.3725e-07
483.0	3.9068e-08
483.2	6.1334e-08
483.4	8.0395e-08
483.6	7.1727e-08
483.8	9.9159e-08
484.0	7.1153e-08
484.2	2.962e-08
484.4	2.6907e-08
484.6	2.68e-08
484.8	4.2603e-08
485.0	6.7922e-08
485.2	2.6486e-08
485.4	2.7176e-08
485.6	4.6918e-08
485.8	3.384e-08
486.0	2.6051e-08
486.2	3.0463e-08
486.4	4.9413e-08
486.6	4.5669e-08
486.8	2.6273e-08
487.0	5.8686e-08
487.2	4.1699e-08
487.4	2.5313e-08
487.6	2.9984e-08
487.8	6.6975e-08
488.0	2.9696e-08
488.2	1.224e-07
488.4	4.3967e-08
488.6	7.6518e-08
488.8	1.4315e-07
489.0	2.4481e-08
489.2	2.443e-08
489.4	2.432e-08
489.6	2.4209e-08
489.8	7.0758e-08
490.0	7.1257e-08
490.2	2.3899e-08
490.4	2.3816e-08
490.6	3.9898e-08
490.8	2.4682e-08
491.0	2.3501e-08
491.2	6.9541e-08
491.4	9.6308e-08
491.6	2.3182e-08
491.8	2.3101e-08
492.0	2.3047e-08
492.2	2.2958e-08
492.4	8.3018e-08
492.6	7.7087e-08
492.8	2.2625e-08
493.0	2.2527e-08
493.2	2.2468e-08
493.4	3.9235e-08
493.6	2.8479e-08
493.8	6.8695e-08
494.0	8.7596e-08
494.2	2.9289e-08
494.4	1.6565e-07
494.6	1.8037e-07
494.8	6.4919e-08
495.0	2.6315e-08
495.2	4.5843e-08
495.4	7.0438e-08
495.6	2.2713e-08
495.8	5.3922e-08
496.0	3.1538e-08
496.2	2.1132e-08
496.4	2.1057e-08
496.6	4.9694e-08
496.8	1.2478e-07
497.0	2.1886e-08
497.2	6.0188e-08
497.4	3.7795e-08
497.6	3.3053e-08
497.8	3.9834e-08
498.0	4.8278e-08
498.2	3.1138e-07
498.4	3.5822e-07
498.6	6.6516e-07
498.8	5.3369e-07
499.0	1.9158e-07
499.2	4.7522e-08
499.4	1.9842e-08
499.6	1.9764e-08
499.8	1.9701e-08
500.0	1.9637e-08
500.2	2.6056e-08
500.4	3.345e-08
500.6	2.0372e-08
500.8	1.8878e-08
501.0	1.8754e-08
501.2	4.2713e-08
501.4	3.0499e-08
501.6	2.3376e-08
501.8	3.3276e-08
502.0	1.955e-08
502.2	1.8232e-08
502.4	1.8141e-08
502.6	1.8054e-08
502.8	2.4936e-08
503.0	3.5823e-08
503.2	3.6253e-08
503.4	4.3907e-08
503.6	5.3628e-08
503.8	6.729e-08
504.0	3.075e-08
504.2	2.7381e-08
504.4	4.3055e-08
504.6	1.8053e-08
504.8	1.7674e-08
505.0	1.765e-08
505.2	1.7599e-08
505.4	2.4671e-08
505.6	5.0007e-08
505.8	1.0453e-07
506.0	2.2348e-08
506.2	4.2485e-08
506.4	2.1711e-08
506.6	1.7023e-08
506.8	4.4145e-08
507.0	1.5092e-07
507.2	9.9456e-08
507.4	2.4006e-08
507.6	2.936e-08
507.8	2.1024e-08
508.0	3.9789e-08
508.2	7.55e-08
508.4	5.365e-08
508.6	1.7802e-08
508.8	7.9246e-08
509.0	2.8165e-07
509.2	6.3821e-07
509.4	1.106e-06
509.6	1.2082e-06
509.8	6.5168e-07
510.0	4.1802e-07
510.2	2.1834e-07
510.4	1.2373e-07
510.6	1.3738e-07
510.8	1.0985e-07
511.0	5.2668e-08
511.2	7.8654e-08
511.4	1.0256e-07
511.6	1.6387e-07
511.8	1.5539e-07
512.0	1.1245e-07
512.2	1.6032e-07
512.4	2.704e-07
512.6	4.1882e-07
512.8	5.7017e-07
513.0	8.3688e-07
513.2	1.1902e-06
513.4	1.3288e-06
513.6	1.0089e-06
513.8	6.1712e-07
514.0	4.2658e-07
514.2	3.073e-07
514.4	6.3617e-08
514.6	3.5788e-08
514.8	1.3738e-07
515.0	1.0119e-07
515.2	7.7901e-08
515.4	1.8731e-08
515.6	4.4091e-08
515.8	4.8798e-08
516.0	4.1426e-08
516.2	6.9092e-08
516.4	3.9777e-08
516.6	2.989e-08
516.8	4.1016e-08
517.0	4.3458e-08
517.2	6.6114e-08
517.4	1.0929e-07
517.6	1.0855e-07
517.8	1.1785e-07
518.0	4.3126e-08
518.2	1.2056e-07
518.4	7.1075e-08
518.6	6.492e-08
518.8	1.3919e-07
519.0	1.9916e-07
519.2	2.4357e-07
519.4	3.466e-07
519.6	5.0245e-07
519.8	7.1599e-07
520.0	9.9683e-07
520.2	1.3517e-06
520.4	1.7454e-06
520.6	1.8807e-06
520.8	1.5168e-06
521.0	1.3037e-06
521.2	9.9877e-07
521.4	7.4914e-07
521.6	5.9132e-07
521.8	4.7391e-07
522.0	5.0419e-07
522.2	4.0451e-07
522.4	3.233e-07
522.6	2.5359e-07
522.8	2.4754e-07
523.0	3.8288e-07
523.2	3.5726e-07
523.4	3.423e-07
523.6	3.5148e-07
523.8	3.9312e-07
524.0	4.3912e-07
524.2	4.7166e-07
524.4	4.8366e-07
524.6	6.2469e-07
524.8	7.0078e-07
525.0	6.7839e-07
525.2	8.0332e-07
525.4	1.0019e-06
525.6	1.1451e-06
525.8	1.0309e-06
526.0	1.2272e-06
526.2	1.2665e-06
526.4	1.2723e-06
526.6	1.2644e-06
526.8	1.3001e-06
527.0	1.3885e-06
527.2	1.4356e-06
527.4	1.3818e-06
527.6	1.4729e-06
527.8	1.5386e-06
528.0	1.4897e-06
528.2	1.5007e-06
528.4	1.6551e-06
528.6	1.6801e-06
528.8	1.7355e-06
529.0	1.829e-06
529.2	1.836e-06
529.4	1.8323e-06
529.6	1.7414e-06
529.8	1.5339e-06
530.0	1.434e-06
530.2	1.3187e-06
530.4	1.2557e-06
530.6	1.1306e-06
530.8	9.6174e-07
531.0	8.3272e-07
531.2	8.151e-07
531.4	5.9579e-07
531.6	5.6947e-07
531.8	5.6645e-07
532.0	5.4789e-07
532.2	5.1705e-07
532.4	4.7754e-07
532.6	4.3897e-07
532.8	4.4647e-07
533.0	4.472e-07
533.2	4.7175e-07
533.4	5.0805e-07
533.6	5.2358e-07
533.8	5.3726e-07
534.0	6.6781e-07
534.2	7.0344e-07
534.4	7.6241e-07
534.6	8.8967e-07
534.8	1.0453e-06
535.0	1.193e-06
535.2	1.3179e-06
535.4	1.4012e-06
535.6	1.3993e-06
535.8	1.405e-06
536.0	1.3637e-06
536.2	1.2249e-06
536.4	1.1324e-06
536.6	1.1145e-06
536.8	8.0884e-07
537.0	6.8093e-07
537.2	5.9454e-07
537.4	5.7357e-07
537.6	5.2018e-07
537.8	4.4234e-07
538.0	4.0519e-07
538.2	3.6783e-07
538.4	3.3853e-07
538.6	3.1962e-07
538.8	2.8962e-07
539.0	2.7821e-07
539.2	2.8577e-07
539.4	2.6892e-07
539.6	3.0343e-07
539.8	2.771e-07
540.0	2.9698e-07
540.2	3.3668e-07
540.4	3.4018e-07
540.6	3.6155e-07
540.8	3.3507e-07
541.0	4.5811e-07
541.2	5.3853e-07
541.4	5.514e-07
541.6	5.5377e-07
541.8	6.066e-07
542.0	6.5533e-07
542.2	7.3359e-07
542.4	8.9508e-07
542.6	9.8064e-07
542.8	1.075e-06
543.0	1.1608e-06
543.2	1.1635e-06
543.4	1.3725e-06
543.6	1.4367e-06
543.8	1.3679e-06
544.0	1.3842e-06
544.2	1.462e-06
544.4	1.4828e-06
544.6	1.4084e-06
544.8	1.3653e-06
545.0	1.424e-06
545.2	1.5033e-06
545.4	1.4861e-06
545.6	1.419e-06
545.8	1.4102e-06
546.0	1.4213e-06
546.2	1.4876e-06
546.4	1.5116e-06
546.6	1.5442e-06
546.8	1.5659e-06
547.0	1.5883e-06
547.2	1.6525e-06
547.4	1.7099e-06
547.6	1.7178e-06
547.8	1.6733e-06
548.0	1.7075e-06
548.2	1.7188e-06
548.4	1.6634e-06
548.6	1.6123e-06
548.8	1.6088e-06
549.0	1.4874e-06
549.2	1.4692e-06
549.4	1.4014e-06
549.6	1.3289e-06
549.8	1.2924e-06
550.0	1.2943e-06
550.2	1.3197e-06
550.4	1.2925e-06
550.6	1.2871e-06
550.8	1.2772e-06
551.0	1.2687e-06
551.2	1.2697e-06
551.4	1.2629e-06
551.6	1.3793e-06
551.8	1.3974e-06
552.0	1.4814e-06
552.2	1.55e-06
552.4	1.5714e-06
552.6	1.548e-06
552.8	1.5722e-06
553.0	1.6719e-06
553.2	1.6093e-06
553.4	1.6056e-06
553.6	1.4977e-06
553.8	1.3253e-06
554.0	1.2807e-06
554.2	1.1882e-06
554.4	1.0624e-06
554.6	1.0306e-06
554.8	8.9338e-07
555.0	7.9322e-07
555.2	7.7332e-07
555.4	7.4702e-07
555.6	6.7136e-07
555.8	6.0537e-07
556.0	6.0477e-07
556.2	5.7482e-07
556.4	5.1863e-07
556.6	4.6775e-07
556.8	5.0844e-07
557.0	4.7464e-07
557.2	4.99e-07
557.4	5.6741e-07
557.6	5.7004e-07
557.8	5.4777e-07
558.0	5.6393e-07
558.2	6.4607e-07
558.4	6.4667e-07
558.6	7.2385e-07
558.8	7.5532e-07
559.0	7.807e-07
559.2	8.2128e-07
559.4	8.7433e-07
559.6	8.4122e-07
559.8	8.7875e-07
560.0	8.6545e-07
560.2	8.581e-07
560.4	7.9224e-07
560.6	6.7394e-07
560.8	5.6992e-07
561.0	5.2017e-07
561.2	4.6668e-07
561.4	3.6062e-07
561.6	3.6709e-07
561.8	3.2453e-07
562.0	2.3635e-07
562.2	2.28e-07
562.4	2.36e-07
562.6	1.8471e-07
562.8	1.7848e-07
563.0	7.1708e-08
563.2	4.6233e-08
563.4	9.6843e-08
563.6	6.4466e-08
563.8	7.6045e-08
564.0	1.1117e-07
564.2	1.3383e-07
564.4	1.2334e-07
564.6	1.1267e-07
564.8	1.143e-07
565.0	1.381e-07
565.2	1.5554e-07
565.4	1.3328e-07
565.6	1.0041e-07
565.8	6.9294e-08
566.0	5.5022e-08
566.2	7.4483e-08
566.4	1.6489e-07
566.6	1.3381e-07
566.8	1.2247e-07
567.0	1.3759e-07
567.2	1.6286e-07
567.4	2.0071e-07
567.6	2.0068e-07
567.8	1.9255e-07
568.0	1.9649e-07
568.2	2.0409e-07
568.4	2.0041e-07
568.6	2.1394e-07
568.8	2.6761e-07
569.0	2.9967e-07
569.2	3.8069e-07
569.4	4.0761e-07
569.6	4.2555e-07
569.8	4.9299e-07
570.0	5.5261e-07
570.2	5.8995e-07
570.4	7.5878e-07
570.6	7.9781e-07
570.8	9.5919e-07
571.0	1.1517e-06
571.2	1.2857e-06
571.4	1.5276e-06
571.6	1.6752e-06
571.8	1.9021e-06
572.0	2.0578e-06
572.2	2.1354e-06
572.4	2.1827e-06
572.6	2.2484e-06
572.8	2.2082e-06
573.0	2.0471e-06
573.2	1.8942e-06
573.4	1.8363e-06
573.6	1.7131e-06
573.8	1.5344e-06
574.0	1.3479e-06
574.2	1.115e-06
574.4	9.3978e-07
574.6	8.6849e-07
574.8	7.777e-07
575.0	7.0008e-07
575.2	6.2163e-07
575.4	5.1069e-07
575.6	4.3468e-07
575.8	4.1801e-07
576.0	4.6867e-07
576.2	3.9679e-07
576.4	3.3037e-07
576.6	3.0421e-07
576.8	2.4029e-07
577.0	2.0056e-07
577.2	2.0808e-07
577.4	1.7858e-07
577.6	1.7879e-07
577.8	1.9137e-07
578.0	1.9313e-07
578.2	1.6269e-07
578.4	1.3071e-07
578.6	1.4611e-07
578.8	1.0502e-07
579.0	1.0598e-07
579.2	1.4448e-07
579.4	1.9258e-07
579.6	1.3894e-07
579.8	7.2609e-08
580.0	1.4036e-07
580.2	1.315e-07
580.4	1.3514e-07
580.6	1.6937e-07
580.8	2.0758e-07
581.0	1.9354e-07
581.2	2.0915e-07
581.4	1.8526e-07
581.6	2.4257e-07
581.8	2.8737e-07
582.0	2.6776e-07
582.2	2.5993e-07
582.4	3.0413e-07
582.6	2.8139e-07
582.8	3.743e-07
583.0	4.2605e-07
583.2	4.3191e-07
583.4	4.4087e-07
583.6	5.7791e-07
583.8	5.8688e-07
584.0	6.6931e-07
584.2	7.6142e-07
584.4	8.4926e-07
584.6	9.2474e-07
584.8	9.9014e-07
585.0	1.0844e-06
585.2	1.0524e-06
585.4	1.0438e-06
585.6	1.0475e-06
585.8	9.9711e-07
586.0	9.4027e-07
586.2	9.385e-07
586.4	9.2996e-07
586.6	8.5911e-07
586.8	7.8731e-07
587.0	8.3152e-07
587.2	8.3248e-07
587.4	8.1117e-07
587.6	8.5466e-07
587.8	7.0463e-07
588.0	6.9123e-07
588.2	6.9219e-07
588.4	6.6634e-07
588.6	6.6013e-07
588.8	6.9459e-07
589.0	7.8285e-07
589.2	7.5971e-07
589.4	7.5212e-07
589.6	7.1353e-07
589.8	8.1185e-07
590.0	9.0824e-07
590.2	8.9703e-07
590.4	9.0444e-07
590.6	9.7734e-07
590.8	1.0475e-06
591.0	1.0875e-06
591.2	1.1262e-06
591.4	1.2055e-06
591.6	1.3279e-06
591.8	1.3821e-06
592.0	1.4225e-06
592.2	1.4129e-06
592.4	1.4529e-06
592.6	1.5056e-06
592.8	1.4972e-06
593.0	1.4361e-06
593.2	1.4908e-06
593.4	1.5079e-06
593.6	1.5275e-06
593.8	1.5281e-06
594.0	1.6158e-06
594.2	1.7434e-06
594.4	1.7335e-06
594.6	1.8042e-06
594.8	1.7501e-06
595.0	1.7477e-06
595.2	1.7907e-06
595.4	1.8066e-06
595.6	1.8279e-06
595.8	1.8676e-06
596.0	1.844e-06
596.2	1.8187e-06
596.4	1.6981e-06
596.6	1.52e-06
596.8	1.3772e-06
597.0	1.2684e-06
597.2	1.2513e-06
597.4	1.1565e-06
597.6	1.0126e-06
597.8	8.4784e-07
598.0	7.3653e-07
598.2	6.7565e-07
598.4	5.8634e-07
598.6	5.2959e-07
598.8	5.2325e-07
599.0	4.3999e-07
599.2	3.7994e-07
599.4	3.7293e-07
599.6	3.273e-07
599.8	2.8238e-07
600.0	2.5057e-07
600.2	1.5617e-07
600.4	1.3276e-07
600.6	1.6314e-07
600.8	2.3708e-07
601.0	2.4592e-07
601.2	1.8607e-07
601.4	1.4606e-07
601.6	1.6873e-07
601.8	2.089e-07
602.0	2.1143e-07
602.2	1.56e-07
602.4	1.5333e-07
602.6	1.3032e-07
602.8	1.3023e-07
603.0	1.5332e-07
603.2	1.8179e-07
603.4	1.8465e-07
603.6	1.4851e-07
603.8	1.6898e-07
604.0	1.6106e-07
604.2	1.6025e-07
604.4	1.7048e-07
604.6	2.0923e-07
604.8	2.674e-07
605.0	2.2361e-07
605.2	2.4591e-07
605.4	1.7462e-07
605.6	2.2337e-07
605.8	2.4799e-07
606.0	2.7088e-07
606.2	3.2967e-07
606.4	3.4558e-07
606.6	3.5639e-07
606.8	4.3342e-07
607.0	4.1559e-07
607.2	4.6733e-07
607.4	5.5808e-07
607.6	6.0871e-07
607.8	6.8322e-07
608.0	7.0797e-07
608.2	8.1691e-07
608.4	8.7162e-07
608.6	9.9427e-07
608.8	1.1772e-06
609.0	1.2828e-06
609.2	1.4116e-06
609.4	1.4793e-06
609.6	1.5835e-06
609.8	1.7089e-06
610.0	1.8025e-06
610.2	1.9019e-06
610.4	2.1419e-06
610.6	2.0052e-06
610.8	2.0294e-06
611.0	2.0525e-06
611.2	2.0695e-06
611.4	2.0629e-06
611.6	2.0448e-06
611.8	2.0721e-06
612.0	1.9666e-06
612.2	2.0952e-06
612.4	2.0058e-06
612.6	1.9606e-06
612.8	1.8894e-06
613.0	1.7787e-06
613.2	1.8166e-06
613.4	1.7556e-06
613.6	1.7285e-06
613.8	1.6882e-06
614.0	1.6503e-06
614.2	1.5937e-06
614.4	1.4895e-06
614.6	1.3363e-06
614.8	1.332e-06
615.0	1.298e-06
615.2	1.1625e-06
615.4	1.0859e-06
615.6	1.066e-06
615.8	1.0356e-06
616.0	9.056e-07
616.2	8.2979e-07
616.4	8.0662e-07
616.6	7.9692e-07
616.8	7.4202e-07
617.0	6.7199e-07
617.2	6.7828e-07
617.4	6.5414e-07
617.6	6.4355e-07
617.8	6.2522e-07
618.0	5.891e-07
618.2	5.8387e-07
618.4	6.1122e-07
618.6	5.8786e-07
618.8	6.083e-07
619.0	6.2996e-07
619.2	5.9103e-07
619.4	5.4548e-07
619.6	5.5528e-07
619.8	6.2268e-07
620.0	6.0686e-07
620.2	6.6083e-07
620.4	6.9866e-07
620.6	7.4176e-07
620.8	7.4096e-07
621.0	7.2787e-07
621.2	7.7004e-07
621.4	8.259e-07
621.6	8.3586e-07
621.8	8.8381e-07
622.0	8.9942e-07
622.2	9.4194e-07
622.4	1.058e-06
622.6	1.1604e-06
622.8	1.1683e-06
623.0	1.1767e-06
623.2	1.2366e-06
623.4	1.3037e-06
623.6	1.3226e-06
623.8	1.3408e-06
624.0	1.3791e-06
624.2	1.3085e-06
624.4	1.335e-06
624.6	1.2938e-06
624.8	1.1789e-06
625.0	1.1381e-06
625.2	1.1308e-06
625.4	1.1127e-06
625.6	1.08e-06
625.8	1.0355e-06
626.0	1.0084e-06
626.2	9.91e-07
626.4	9.5465e-07
626.6	9.234e-07
626.8	9.0442e-07
627.0	9.1555e-07
627.2	9.4014e-07
627.4	9.2952e-07
627.6	8.9872e-07
627.8	9.0589e-07
628.0	8.6591e-07
628.2	8.3385e-07
628.4	8.6825e-07
628.6	9.2758e-07
628.8	9.6855e-07
629.0	9.6613e-07
629.2	1.0073e-06
629.4	1.091e-06
629.6	1.0038e-06
629.8	1.0627e-06
630.0	1.1326e-06
630.2	1.1474e-06
630.4	1.1082e-06
630.6	1.1489e-06
630.8	1.2203e-06
631.0	1.1448e-06
631.2	1.1793e-06
631.4	1.1843e-06
631.6	1.1435e-06
631.8	1.1322e-06
632.0	1.0067e-06
632.2	9.1803e-07
632.4	9.7103e-07
632.6	9.8437e-07
632.8	9.089e-07
633.0	7.9626e-07
633.2	8.0847e-07
633.4	7.5832e-07
633.6	7.0954e-07
633.8	6.7531e-07
634.0	6.7373e-07
634.2	6.5159e-07
634.4	5.8389e-07
634.6	5.823e-07
634.8	5.545e-07
635.0	4.7437e-07
635.2	5.3202e-07
635.4	5.1145e-07
635.6	4.8852e-07
635.8	5.4213e-07
636.0	4.6477e-07
636.2	4.4786e-07
636.4	4.7934e-07
636.6	4.6572e-07
636.8	4.1799e-07
637.0	4.0285e-07
637.2	4.968e-07
637.4	5.208e-07
637.6	5.2877e-07
637.8	5.5973e-07
638.0	5.8513e-07
638.2	6.0057e-07
638.4	6.1188e-07
638.6	6.3585e-07
638.8	6.9272e-07
639.0	7.0962e-07
639.2	7.6864e-07
639.4	7.928e-07
639.6	8.2627e-07
639.8	8.7341e-07
640.0	8.2467e-07
640.2	8.0574e-07
640.4	8.6552e-07
640.6	8.7017e-07
640.8	8.3741e-07
641.0	7.9191e-07
641.2	7.5628e-07
641.4	7.5413e-07
641.6	6.273e-07
641.8	6.4126e-07
642.0	5.921e-07
642.2	5.6088e-07
642.4	5.4937e-07
642.6	5.3108e-07
642.8	4.9193e-07
643.0	4.7528e-07
643.2	4.1199e-07
643.4	4.4217e-07
643.6	4.4302e-07
643.8	4.1926e-07
644.0	4.2792e-07
644.2	4.431e-07
644.4	4.2014e-07
644.6	3.8727e-07
644.8	3.9724e-07
645.0	3.873e-07
645.2	3.7116e-07
645.4	4.1661e-07
645.6	3.8532e-07
645.8	3.7331e-07
646.0	3.7822e-07
646.2	4.1284e-07
646.4	4.3114e-07
646.6	4.1485e-07
646.8	3.9832e-07
647.0	4.8489e-07
647.2	5.242e-07
647.4	5.0121e-07
647.6	5.4411e-07
647.8	6.1648e-07
648.0	6.5749e-07
648.2	7.1784e-07
648.4	6.8795e-07
648.6	7.0909e-07
648.8	8.6895e-07
649.0	8.9023e-07
649.2	8.1917e-07
649.4	8.5233e-07
649.6	8.5014e-07
649.8	8.1612e-07
650.0	7.7909e-07
650.2	7.4169e-07
650.4	6.9707e-07
650.6	6.2432e-07
650.8	5.113e-07
651.0	5.0393e-07
651.2	4.8408e-07
651.4	4.3733e-07
651.6	3.7674e-07
651.8	3.3815e-07
652.0	3.0824e-07
652.2	2.6523e-07
652.4	2.727e-07
652.6	1.8249e-07
652.8	1.6261e-07
653.0	1.5517e-07
653.2	1.2036e-07
653.4	1.1295e-07
653.6	1.0534e-07
653.8	1.2629e-07
654.0	1.4921e-07
654.2	1.3397e-07
654.4	1.1216e-07
654.6	9.7768e-08
654.8	5.9866e-08
655.0	7.5429e-08
655.2	7.7182e-08
655.4	7.1942e-08
655.6	7.4968e-08
655.8	8.4684e-08
656.0	4.3976e-08
656.2	1.1628e-08
656.4	9.0513e-08
656.6	1.19e-07
656.8	1.2872e-07
657.0	1.3822e-07
657.2	1.0847e-07
657.4	9.5572e-08
657.6	1.7323e-07
657.8	1.6518e-07
658.0	1.5727e-07
658.2	1.6668e-07
658.4	1.8494e-07
658.6	2.0943e-07
658.8	2.7745e-07
659.0	2.6908e-07
659.2	2.4489e-07
659.4	2.4517e-07
659.6	2.7798e-07
659.8	3.1807e-07
660.0	2.9848e-07
660.2	3.0425e-07
660.4	2.89e-07
660.6	2.3536e-07
660.8	2.2121e-07
661.0	2.249e-07
661.2	2.3186e-07
661.4	2.3813e-07
661.6	2.4387e-07
661.8	1.5265e-07
662.0	1.7238e-07
662.2	1.5175e-07
662.4	1.2337e-07
662.6	1.2233e-07
662.8	1.6066e-07
663.0	1.5166e-07
663.2	1.0424e-07
663.4	1.5091e-07
663.6	1.9557e-07
663.8	2.0063e-07
664.0	1.8237e-07
664.2	1.4434e-07
664.4	1.5674e-07
664.6	1.2399e-07
664.8	1.3515e-07
665.0	1.3824e-07
665.2	1.1723e-07
665.4	8.886e-08
665.6	1.1086e-07
665.8	1.0867e-07
666.0	1.4626e-07
666.2	1.2388e-07
666.4	1.1117e-07
666.6	8.6094e-08
666.8	2.9821e-08
667.0	7.6391e-08
667.2	5.918e-08
667.4	6.569e-08
667.6	8.3317e-08
667.8	4.1192e-08
668.0	9.7063e-09
668.2	9.707e-09
668.4	5.0524e-08
668.6	3.1249e-08
668.8	4.8171e-08
669.0	2.2819e-08
669.2	1.5265e-08
669.4	3.5544e-08
669.6	2.0413e-08
669.8	4.6355e-08
670.0	1.2613e-08
670.2	9.7686e-09
670.4	2.1227e-08
670.6	3.0964e-08
670.8	9.787e-09
671.0	9.8218e-09
671.2	9.8627e-09
671.4	9.8645e-09
671.6	9.8623e-09
671.8	9.8552e-09
672.0	9.844e-09
672.2	9.8369e-09
672.4	9.8581e-09
672.6	1.6465e-08
672.8	4.5287e-08
673.0	1.9991e-08
673.2	2.0605e-08
673.4	4.0555e-08
673.6	1.0027e-08
673.8	3.0462e-08
674.0	2.3327e-08
674.2	3.2061e-08
674.4	1.7731e-08
674.6	9.8216e-09
674.8	1.1077e-08
675.0	1.9298e-08
675.2	3.3609e-08
675.4	3.9448e-08
675.6	1.569e-08
675.8	2.9966e-08
676.0	3.8508e-08
676.2	1.222e-08
676.4	4.4467e-08
676.6	4.1246e-08
676.8	4.5358e-08
677.0	5.4798e-08
677.2	2.5385e-08
677.4	1.1787e-08
677.6	1.9533e-08
677.8	1.9527e-08
678.0	3.6272e-08
678.2	5.8857e-08
678.4	4.3146e-08
678.6	4.7267e-08
678.8	6.8586e-08
679.0	3.0592e-08
679.2	7.4015e-08
679.4	1.0092e-07
679.6	7.8231e-08
679.8	4.843e-08
680.0	3.6078e-08
680.2	3.8627e-08
680.4	1.0087e-07
680.6	6.7034e-08
680.8	8.7615e-08
681.0	6.1148e-08
681.2	4.5975e-08
681.4	3.45e-08
681.6	1.0108e-08
681.8	1.0099e-08
682.0	6.9201e-08
682.2	2.872e-08
682.4	1.0072e-08
682.6	1.0092e-08
682.8	1.5528e-08
683.0	3.4646e-08
683.2	1.1402e-08
683.4	1.0095e-08
683.6	1.0113e-08
683.8	1.2755e-08
684.0	1.5062e-08
684.2	1.0135e-08
684.4	1.1074e-08
684.6	2.6784e-08
684.8	2.306e-08
685.0	1.4486e-08
685.2	1.9012e-08
685.4	3.6597e-08
685.6	1.349e-08
685.8	2.8629e-08
686.0	1.1834e-08
686.2	2.9467e-08
686.4	2.4045e-08
686.6	1.4446e-08
686.8	2.4218e-08
687.0	1.0174e-08
687.2	1.0163e-08
687.4	3.6736e-08
687.6	5.6627e-08
687.8	3.9226e-08
688.0	2.2741e-08
688.2	2.5523e-08
688.4	1.0176e-08
688.6	1.0175e-08
688.8	1.0171e-08
689.0	1.0167e-08
689.2	1.7165e-08
689.4	3.3815e-08
689.6	1.5577e-08
689.8	1.0222e-08
690.0	1.0209e-08
690.2	1.0189e-08
690.4	1.0179e-08
690.6	1.0179e-08
690.8	1.1404e-08
691.0	2.1207e-08
691.2	1.0849e-08
691.4	1.8918e-08
691.6	1.2635e-08
691.8	1.0213e-08
692.0	1.0218e-08
692.2	1.0337e-08
692.4	1.1576e-08
692.6	2.052e-08
692.8	2.0535e-08
693.0	1.3196e-08
693.2	1.0266e-08
693.4	1.0256e-08
693.6	1.0594e-08
693.8	1.8324e-08
694.0	5.0162e-08
694.2	3.4481e-08
694.4	1.6201e-08
694.6	1.5767e-08
694.8	3.4002e-08
695.0	5.1245e-08
695.2	1.4568e-08
695.4	1.0462e-08
695.6	3.5483e-08
695.8	3.0609e-08
696.0	1.5961e-08
696.2	1.0366e-08
696.4	1.038e-08
696.6	4.1207e-08
696.8	6.9475e-08
697.0	1.8316e-08
697.2	1.491e-08
697.4	1.677e-08
697.6	1.1861e-08
697.8	2.8694e-08
698.0	1.389e-08
698.2	1.0707e-08
698.4	1.0511e-08
698.6	1.0513e-08
698.8	1.595e-08
699.0	4.5649e-08
699.2	8.7534e-08
699.4	2.3253e-08
699.6	2.0148e-08
699.8	3.7954e-08
700.0	6.1092e-08
700.2	4.5315e-08
700.4	1.1641e-08
700.6	5.5619e-08
700.8	2.1751e-08
701.0	1.1506e-08
701.2	1.5966e-08
701.4	1.5883e-08
701.6	1.0514e-08
701.8	1.0681e-08
702.0	5.0967e-08
702.2	4.0479e-08
702.4	1.4741e-08
702.6	1.0514e-08
702.8	2.1237e-08
703.0	7.1672e-08
703.2	6.3289e-08
703.4	5.4876e-08
703.6	2.5287e-08
703.8	3.5556e-08
704.0	2.2889e-08
704.2	1.0446e-08
704.4	1.295e-08
704.6	5.4571e-08
704.8	1.7056e-08
705.0	1.5174e-08
705.2	1.3353e-08
705.4	2.2288e-08
705.6	5.9443e-08
705.8	7.121e-08
706.0	1.3361e-08
706.2	1.039e-08
706.4	2.1341e-08
706.6	1.8542e-08
706.8	1.0396e-08
707.0	1.038e-08
707.2	1.084e-08
707.4	3.2964e-08
707.6	4.1434e-08
707.8	4.8659e-08
708.0	3.4526e-08
708.2	3.3621e-08
708.4	5.7203e-08
708.6	2.0904e-08
708.8	4.9572e-08
709.0	9.4e-08
709.2	7.0168e-08
709.4	5.0051e-08
709.6	6.881e-08
709.8	5.865e-08
710.0	4.2325e-08
710.2	5.6141e-08
710.4	8.2466e-08
710.6	1.1169e-07
710.8	1.2786e-07
711.0	1.4639e-07
711.2	1.6402e-07
711.4	9.8316e-08
711.6	1.5939e-07
711.8	1.2532e-07
712.0	9.9778e-08
712.2	1.3064e-07
712.4	1.3441e-07
712.6	1.6396e-07
712.8	1.4739e-07
713.0	1.5891e-07
713.2	1.7567e-07
713.4	1.6579e-07
713.6	1.2249e-07
713.8	1.0381e-07
714.0	1.0609e-07
714.2	1.5482e-07
714.4	1.3052e-07
714.6	9.3359e-08
714.8	8.1879e-08
715.0	1.1532e-07
715.2	1.4646e-07
715.4	1.4509e-07
715.6	9.2506e-08
715.8	2.3084e-08
716.0	2.7607e-08
716.2	8.5437e-08
716.4	5.0514e-08
716.6	6.293e-08
716.8	6.3065e-08
717.0	6.3142e-08
717.2	8.3684e-08
717.4	8.2506e-08
717.6	4.7251e-08
717.8	2.9511e-08
718.0	3.3382e-08
718.2	5.028e-08
718.4	1.682e-08
718.6	2.6677e-08
718.8	5.0856e-08
719.0	2.8514e-08
719.2	1.6862e-08
719.4	3.8337e-08
719.6	1.2554e-08
719.8	1.0624e-08
720.0	1.0629e-08
720.2	1.2996e-08
720.4	2.2361e-08
720.6	3.1627e-08
720.8	1.1409e-08
721.0	4.1863e-08
721.2	4.6394e-08
721.4	2.2885e-08
721.6	1.0738e-08
721.8	1.1032e-08
722.0	1.5436e-08
722.2	1.0885e-08
722.4	1.0767e-08
722.6	1.0766e-08
722.8	1.0775e-08
723.0	1.4106e-08
723.2	4.3091e-08
723.4	6.5973e-08
723.6	1.2187e-08
723.8	1.0848e-08
724.0	2.0044e-08
724.2	2.191e-08
724.4	1.4627e-08
724.6	6.2196e-08
724.8	6.5012e-08
725.0	1.318e-08
725.2	1.094e-08
725.4	2.5516e-08
725.6	3.2226e-08
725.8	1.2688e-08
726.0	3.0782e-08
726.2	3.5566e-08
726.4	6.0685e-08
726.6	3.0893e-08
726.8	1.5636e-08
727.0	1.6775e-08
727.2	4.4215e-08
727.4	4.4271e-08
727.6	2.9418e-08
727.8	1.3417e-08
728.0	1.1093e-08
728.2	1.1101e-08
728.4	1.1111e-08
728.6	1.1125e-08
728.8	1.1153e-08
729.0	1.1194e-08
729.2	1.121e-08
729.4	1.121e-08
729.6	1.4817e-08
729.8	1.9477e-08
730.0	1.1244e-08
730.2	1.1269e-08
730.4	1.1289e-08
730.6	1.129e-08
730.8	1.1301e-08
731.0	1.468e-08
731.2	2.2676e-08
731.4	2.2691e-08
731.6	1.3164e-08
731.8	2.2965e-08
732.0	3.3416e-08
732.2	1.9622e-08
732.4	1.1418e-08
732.6	1.2991e-08
732.8	3.1441e-08
733.0	1.5512e-08
733.2	2.7835e-08
733.4	3.932e-08
733.6	4.8169e-08
733.8	4.1438e-08
734.0	1.1534e-08
734.2	1.1562e-08
734.4	2.4965e-08
734.6	1.9799e-08
734.8	1.2305e-08
735.0	2.1728e-08
735.2	3.2846e-08
735.4	1.166e-08
735.6	1.1675e-08
735.8	1.8562e-08
736.0	2.0042e-08
736.2	1.4394e-08
736.4	1.175e-08
736.6	1.178e-08
736.8	1.1787e-08
737.0	2.0576e-08
737.2	1.5478e-08
737.4	1.3838e-08
737.6	2.9156e-08
737.8	3.3282e-08
738.0	1.3292e-08
738.2	2.3242e-08
738.4	1.3907e-08
738.6	1.1924e-08
738.8	1.6406e-08
739.0	2.8456e-08
739.2	2.5967e-08
739.4	1.2012e-08
739.6	1.202e-08
739.8	1.203e-08
740.0	1.2047e-08
740.2	1.2068e-08
740.4	1.2087e-08
740.6	1.21e-08
740.8	1.2122e-08
741.0	1.2144e-08
741.2	1.2168e-08
741.4	1.2199e-08
741.6	1.3845e-08
741.8	1.5739e-08
742.0	1.2251e-08
742.2	1.2245e-08
742.4	1.2259e-08
742.6	2.5316e-08
742.8	3.0576e-08
743.0	2.4301e-08
743.2	2.0128e-08
743.4	1.6675e-08
743.6	6.1131e-08
743.8	8.1052e-08
744.0	2.7021e-08
744.2	1.2454e-08
744.4	1.3647e-08
744.6	1.6654e-08
744.8	1.254e-08
745.0	1.2562e-08
745.2	1.2581e-08
745.4	1.2571e-08
745.6	1.2584e-08
745.8	1.4849e-08
746.0	2.9647e-08
746.2	4.7504e-08
746.4	2.7106e-08
746.6	1.5505e-08
746.8	1.2706e-08
747.0	1.2759e-08
747.2	1.2826e-08
747.4	1.2844e-08
747.6	1.2821e-08
747.8	1.2831e-08
748.0	1.2851e-08
748.2	1.2866e-08
748.4	1.289e-08
748.6	1.3318e-08
748.8	1.8301e-08
749.0	1.3712e-08
749.2	2.0215e-08
749.4	1.9032e-08
749.6	1.5527e-08
749.8	2.5105e-08
750.0	1.4854e-08
750.2	1.3468e-08
750.4	1.2211e-08
750.6	1.1072e-08
750.8	1.0039e-08
751.0	9.1025e-09
751.2	8.2533e-09
751.4	7.4833e-09
751.6	6.7851e-09
751.8	6.1521e-09
752.0	5.5781e-09
752.2	5.1085e-09
752.4	5.1185e-09
752.6	5.1285e-09
752.8	5.1385e-09
753.0	5.1485e-09
753.2	5.1586e-09
753.4	5.1687e-09
753.6	5.1788e-09
753.8	5.1889e-09
754.0	5.199e-09
754.2	5.2092e-09
754.4	5.2194e-09
754.6	5.2302e-09
754.8	5.2412e-09
755.0	5.2521e-09
755.2	5.2631e-09
755.4	5.2742e-09
755.6	5.2852e-09
755.8	5.2963e-09
756.0	5.3073e-09
756.2	5.3185e-09
756.4	5.3296e-09
756.6	5.3407e-09
756.8	5.3464e-09
757.0	5.3504e-09
757.2	5.3544e-09
757.4	5.3584e-09
757.6	5.3624e-09
757.8	5.3664e-09
758.0	5.3704e-09
758.2	5.3745e-09
758.4	5.3785e-09
758.6	5.3825e-09
758.8	5.3865e-09
759.0	5.3905e-09
759.2	5.3945e-09
759.4	5.3986e-09
759.6	5.3952e-09
759.8	5.39e-09
760.0	5.3847e-09
760.2	5.3795e-09
760.4	5.3743e-09
760.6	5.369e-09
760.8	5.3638e-09
761.0	5.3586e-09
761.2	5.3534e-09
761.4	6.3042e-09
761.6	7.634e-09
761.8	9.2442e-09
762.0	1.1194e-08
762.2	1.3555e-08
762.4	1.6414e-08
762.6	1.9877e-08
762.8	2.4069e-08
763.0	2.9146e-08
763.2	3.5294e-08
763.4	4.2739e-08
763.6	4.6627e-08
763.8	3.8638e-08
764.0	3.2018e-08
764.2	2.6532e-08
764.4	2.1986e-08
764.6	1.8219e-08
764.8	1.5097e-08
765.0	1.2511e-08
765.2	1.0367e-08
765.4	8.5908e-09
765.6	7.1189e-09
765.8	5.8992e-09
766.0	5.5842e-09
766.2	5.5962e-09
766.4	5.6083e-09
766.6	5.6204e-09
766.8	5.6326e-09
767.0	5.6448e-09
767.2	5.6569e-09
767.4	5.6692e-09
767.6	5.6814e-09
767.8	5.6937e-09
768.0	5.706e-09
768.2	5.7364e-09
768.4	5.8963e-09
768.6	6.0607e-09
768.8	6.2296e-09
769.0	6.4033e-09
769.2	6.5818e-09
769.4	6.7652e-09
769.6	6.9538e-09
769.8	7.1476e-09
770.0	7.3469e-09
770.2	7.0778e-09
770.4	6.8186e-09
770.6	6.5689e-09
770.8	6.3283e-09
771.0	6.0966e-09
771.2	5.8733e-09
771.4	5.8475e-09
771.6	5.8597e-09
771.8	5.872e-09
772.0	5.8844e-09
772.2	5.8967e-09
772.4	5.9091e-09
772.6	5.9215e-09
772.8	5.9339e-09
773.0	5.9463e-09
773.2	5.9588e-09
773.4	5.9713e-09
773.6	5.9838e-09
773.8	5.9962e-09
774.0	6.0086e-09
774.2	6.0211e-09
774.4	6.0335e-09
774.6	6.046e-09
774.8	6.0585e-09
775.0	6.0711e-09
775.2	6.0836e-09
775.4	6.0962e-09
775.6	6.1089e-09
775.8	6.1215e-09
776.0	6.1349e-09
776.2	6.1485e-09
776.4	6.1623e-09
776.6	6.176e-09
776.8	6.1898e-09
777.0	6.2036e-09
777.2	6.2174e-09
777.4	6.2313e-09
777.6	6.2451e-09
777.8	6.2591e-09
778.0	6.273e-09
778.2	6.2867e-09
778.4	6.2982e-09
778.6	6.3097e-09
778.8	6.3212e-09
779.0	6.3327e-09
779.2	6.3443e-09
779.4	6.3559e-09
779.6	6.3675e-09
779.8	6.3791e-09
780.0	6.3907e-09
780.2	6.4014e-09
780.4	6.4116e-09
780.6	6.4219e-09
780.8	6.4321e-09
781.0	6.4424e-09
781.2	6.4527e-09
781.4	6.4631e-09
781.6	6.4734e-09
781.8	6.4837e-09
782.0	6.4941e-09
782.2	6.5045e-09
782.4	6.5149e-09
782.6	6.8086e-09
782.8	7.5192e-09
783.0	8.304e-09
783.2	9.1707e-09
783.4	1.0128e-08
783.6	1.1185e-08
783.8	1.2352e-08
784.0	1.3641e-08
784.2	1.5065e-08
784.4	1.6638e-08
784.6	1.8374e-08
784.8	2.0292e-08
785.0	2.2339e-08
785.2	2.4332e-08
785.4	2.6503e-08
785.6	2.8868e-08
785.8	3.1444e-08
786.0	3.425e-08
786.2	3.7306e-08
786.4	4.0635e-08
786.6	4.426e-08
786.8	4.821e-08
787.0	5.2512e-08
787.2	5.7197e-08
787.4	6.2301e-08
787.6	6.786e-08
787.8	6.0869e-08
788.0	4.8471e-08
788.2	3.8598e-08
788.4	3.0736e-08
788.6	2.4476e-08
788.8	1.949e-08
789.0	1.5521e-08
789.2	1.2359e-08
789.4	9.8419e-09
789.6	7.8373e-09
789.8	6.7659e-09
790.0	6.2838e-09
790.2	5.8361e-09
790.4	5.4202e-09
790.6	5.034e-09
790.8	4.6754e-09
791.0	4.3422e-09
791.2	4.0328e-09
791.4	3.7455e-09
791.6	3.4786e-09
791.8	3.2308e-09
792.0	3.0006e-09
792.2	3.025e-09
792.4	3.0656e-09
792.6	3.1068e-09
792.8	3.1485e-09
793.0	3.1908e-09
793.2	3.2336e-09
793.4	3.277e-09
793.6	3.321e-09
793.8	3.3656e-09
794.0	3.4108e-09
794.2	3.4566e-09
794.4	3.5031e-09
794.6	3.5501e-09
794.8	3.5978e-09
795.0	3.6461e-09
795.2	3.695e-09
795.4	3.7447e-09
795.6	3.795e-09
795.8	3.8459e-09
796.0	3.8976e-09
796.2	3.9289e-09
796.4	3.9288e-09
796.6	3.9287e-09
796.8	3.9286e-09
797.0	3.9286e-09
797.2	3.9285e-09
797.4	3.9284e-09
797.6	3.9283e-09
797.8	3.9283e-09
798.0	3.9282e-09
798.2	3.9289e-09
798.4	3.9304e-09
798.6	3.9318e-09
798.8	3.9333e-09
799.0	3.9348e-09
799.2	3.9362e-09
799.4	3.9377e-09
799.6	3.9392e-09
799.8	3.9407e-09
800.0	3.9421e-09
800.2	3.9435e-09
800.4	3.9449e-09
800.6	3.9463e-09
800.8	3.9476e-09
801.0	3.949e-09
801.2	3.9503e-09
801.4	3.9517e-09
801.6	3.9531e-09
801.8	3.9544e-09
802.0	3.9558e-09
802.2	3.9568e-09
802.4	3.9576e-09
802.6	3.9584e-09
802.8	3.9593e-09
803.0	3.9601e-09
803.2	3.9609e-09
803.4	3.9618e-09
803.6	3.9626e-09
803.8	3.9634e-09
804.0	3.9643e-09
804.2	3.9336e-09
804.4	3.8961e-09
804.6	3.8589e-09
804.8	3.8221e-09
805.0	3.7856e-09
805.2	3.7495e-09
805.4	3.7138e-09
805.6	3.6783e-09
805.8	3.6433e-09
806.0	3.6085e-09
806.2	3.5873e-09
806.4	3.5861e-09
806.6	3.5848e-09
806.8	3.5836e-09
807.0	3.5823e-09
807.2	3.5811e-09
807.4	3.5798e-09
807.6	3.5786e-09
807.8	3.5773e-09
808.0	3.5761e-09
808.2	4.1178e-09
808.4	5.4467e-09
808.6	7.2044e-09
808.8	9.5293e-09
809.0	1.2605e-08
809.2	1.6672e-08
809.4	2.2052e-08
809.6	2.9169e-08
809.8	3.8582e-08
810.0	5.1032e-08
810.2	5.783e-08
810.4	5.9488e-08
810.6	6.1193e-08
810.8	6.2946e-08
811.0	6.475e-08
811.2	6.6606e-08
811.4	6.8515e-08
811.6	7.0478e-08
811.8	7.2498e-08
812.0	7.4576e-08
812.2	6.7725e-08
812.4	5.8665e-08
812.6	5.0817e-08
812.8	4.4019e-08
813.0	3.813e-08
813.2	3.3029e-08
813.4	2.861e-08
813.6	2.4783e-08
813.8	2.1467e-08
814.0	1.8595e-08
814.2	1.5963e-08
814.4	1.3679e-08
814.6	1.1722e-08
814.8	1.0045e-08
815.0	8.6083e-09
815.2	7.3768e-09
815.4	6.3215e-09
815.6	5.4172e-09
815.8	4.6422e-09
816.0	3.9781e-09
816.2	4.1677e-09
816.4	5.9785e-09
816.6	8.5761e-09
816.8	1.2302e-08
817.0	1.7648e-08
817.2	2.5316e-08
817.4	3.6315e-08
817.6	5.2094e-08
817.8	7.4728e-08
818.0	1.072e-07
818.2	1.2767e-07
818.4	1.2669e-07
818.6	1.2573e-07
818.8	1.2477e-07
819.0	1.2382e-07
819.2	1.2288e-07
819.4	1.2195e-07
819.6	1.2102e-07
819.8	1.201e-07
820.0	1.1919e-07
820.2	1.1681e-07
820.4	1.1361e-07
820.6	1.105e-07
820.8	1.0747e-07
821.0	1.0452e-07
821.2	1.0166e-07
821.4	9.8874e-08
821.6	9.6164e-08
821.8	9.3529e-08
822.0	9.0966e-08
822.2	1.0424e-07
822.4	1.2673e-07
822.6	1.5407e-07
822.8	1.873e-07
823.0	2.2771e-07
823.2	2.7683e-07
823.4	3.3655e-07
823.6	4.0915e-07
823.8	4.9741e-07
824.0	6.0471e-07
824.2	6.2374e-07
824.4	6.2639e-07
824.6	6.2904e-07
824.8	6.317e-07
825.0	6.3438e-07
825.2	6.3707e-07
825.4	6.3976e-07
825.6	6.4247e-07
825.8	6.4519e-07
826.0	6.4793e-07
826.2	6.6112e-07
826.4	6.9274e-07
826.6	7.2586e-07
826.8	7.6058e-07
827.0	7.9695e-07
827.2	8.3506e-07
827.4	8.7499e-07
827.6	9.1684e-07
827.8	9.6068e-07
828.0	1.0066e-06
828.2	1.0288e-06
828.4	1.025e-06
828.6	1.0213e-06
828.8	1.0175e-06
829.0	1.0138e-06
829.2	1.0101e-06
829.4	1.0064e-06
829.6	1.0027e-06
829.8	9.9901e-07
830.0	9.9535e-07
830.2	9.7519e-07
830.4	9.4545e-07
830.6	9.1662e-07
830.8	8.8867e-07
831.0	8.6157e-07
831.2	8.353e-07
831.4	8.0982e-07
831.6	7.8513e-07
831.8	7.6119e-07
832.0	7.3798e-07
832.2	7.1818e-07
832.4	6.9983e-07
832.6	6.8196e-07
832.8	6.6454e-07
833.0	6.4757e-07
833.2	6.3103e-07
833.4	6.1492e-07
833.6	5.9921e-07
833.8	5.8391e-07
834.0	5.69e-07
834.2	5.4998e-07
834.4	5.3095e-07
834.6	5.1259e-07
834.8	4.9485e-07
835.0	4.7773e-07
835.2	4.6121e-07
835.4	4.4525e-07
835.6	4.2985e-07
835.8	4.1498e-07
836.0	4.0062e-07
836.2	3.9356e-07
836.4	3.9776e-07
836.6	4.02e-07
836.8	4.0629e-07
837.0	4.1063e-07
837.2	4.1501e-07
837.4	4.1944e-07
837.6	4.2391e-07
837.8	4.2844e-07
838.0	4.3301e-07
838.2	4.3953e-07
838.4	4.4804e-07
838.6	4.5671e-07
838.8	4.6556e-07
839.0	4.7457e-07
839.2	4.8376e-07
839.4	4.9313e-07
839.6	5.0268e-07
839.8	5.1241e-07
840.0	5.2233e-07
840.2	5.3616e-07
840.4	5.526e-07
840.6	5.6954e-07
840.8	5.87e-07
841.0	6.05e-07
841.2	6.2355e-07
841.4	6.4267e-07
841.6	6.6237e-07
841.8	6.8268e-07
842.0	7.0361e-07
842.2	7.2331e-07
842.4	7.4298e-07
842.6	7.6319e-07
842.8	7.8394e-07
843.0	8.0526e-07
843.2	8.2715e-07
843.4	8.4965e-07
843.6	8.7275e-07
843.8	8.9648e-07
844.0	9.2086e-07
844.2	9.0428e-07
844.4	8.8358e-07
844.6	8.6334e-07
844.8	8.4357e-07
845.0	8.2426e-07
845.2	8.0538e-07
845.4	7.8694e-07
845.6	7.6892e-07
845.8	7.5132e-07
846.0	7.3411e-07
846.2	7.0606e-07
846.4	6.5812e-07
846.6	6.1343e-07
846.8	5.7178e-07
847.0	5.3295e-07
847.2	4.9676e-07
847.4	4.6303e-07
847.6	4.3159e-07
847.8	4.0228e-07
848.0	3.7497e-07
848.2	2.9022e-07
848.4	1.8215e-07
848.6	1.1432e-07
848.8	7.1751e-08
849.0	4.5032e-08
849.2	2.8263e-08
849.4	1.7739e-08
849.6	1.1133e-08
849.8	6.9875e-09
850.0	4.3855e-09
850.2	3.6481e-09
850.4	3.6475e-09
850.6	3.6469e-09
850.8	3.6464e-09
851.0	3.6458e-09
851.2	3.6452e-09
851.4	3.6446e-09
851.6	3.644e-09
851.8	3.6434e-09
852.0	3.6428e-09
852.2	3.6436e-09
852.4	3.6449e-09
852.6	3.6462e-09
852.8	3.6475e-09
853.0	3.6488e-09
853.2	3.6501e-09
853.4	3.6514e-09
853.6	3.6527e-09
853.8	3.654e-09
854.0	3.6553e-09
854.2	3.6587e-09
854.4	3.6625e-09
854.6	3.6662e-09
854.8	3.67e-09
855.0	3.6738e-09
855.2	3.6775e-09
855.4	3.6813e-09
855.6	3.6851e-09
855.8	3.6888e-09
856.0	3.6926e-09
856.2	3.6955e-09
856.4	3.6965e-09
856.6	3.6975e-09
856.8	3.6985e-09
857.0	3.6995e-09
857.2	3.7005e-09
857.4	3.7015e-09
857.6	3.7025e-09
857.8	3.7035e-09
858.0	3.7045e-09
858.2	3.7051e-09
858.4	3.7054e-09
858.6	3.7057e-09
858.8	3.706e-09
859.0	3.7063e-09
859.2	3.7067e-09
859.4	3.707e-09
859.6	3.7073e-09
859.8	3.7076e-09
860.0	3.7079e-09
860.2	3.7063e-09
860.4	3.7034e-09
860.6	3.7005e-09
860.8	3.6976e-09
861.0	3.6947e-09
861.2	3.6918e-09
861.4	3.6889e-09
861.6	3.686e-09
861.8	3.6831e-09
862.0	3.6802e-09
862.2	3.6777e-09
862.4	3.6753e-09
862.6	3.6729e-09
862.8	3.6704e-09
863.0	3.668e-09
863.2	3.6656e-09
863.4	3.6632e-09
863.6	3.6608e-09
863.8	3.6584e-09
864.0	3.656e-09
864.2	3.6539e-09
864.4	3.6519e-09
864.6	3.6499e-09
864.8	3.6479e-09
865.0	3.6459e-09
865.2	3.6439e-09
865.4	3.6419e-09
865.6	3.6399e-09
865.8	3.6379e-09
866.0	3.6359e-09
866.2	3.633e-09
866.4	3.6281e-09
866.6	3.6232e-09
866.8	3.6183e-09
867.0	3.6135e-09
867.2	3.6086e-09
867.4	3.6038e-09
867.6	3.5989e-09
867.8	3.5941e-09
868.0	3.5892e-09
868.2	4.2461e-09
868.4	6.1043e-09
868.6	8.7757e-09
868.8	1.2616e-08
869.0	1.8137e-08
869.2	2.6075e-08
869.4	3.7485e-08
869.6	5.389e-08
869.8	7.7473e-08
870.0	1.1138e-07
870.2	1.0233e-07
870.4	7.1041e-08
870.6	4.9318e-08
870.8	3.4238e-08
871.0	2.3769e-08
871.2	1.6501e-08
871.4	1.1455e-08
871.6	7.9524e-09
871.8	5.5207e-09
872.0	3.8326e-09
872.2	3.5144e-09
872.4	3.5102e-09
872.6	3.506e-09
872.8	3.5018e-09
873.0	3.4976e-09
873.2	3.4934e-09
873.4	3.4892e-09
873.6	3.4851e-09
873.8	3.4809e-09
874.0	3.4767e-09
874.2	4.1974e-09
874.4	5.1517e-09
874.6	6.3228e-09
874.8	7.7603e-09
875.0	9.5246e-09
875.2	1.169e-08
875.4	1.4348e-08
875.6	1.7609e-08
875.8	2.1613e-08
876.0	2.6526e-08
876.2	2.8622e-08
876.4	2.2867e-08
876.6	1.8268e-08
876.8	1.4595e-08
877.0	1.166e-08
877.2	9.3152e-09
877.4	7.442e-09
877.6	5.9455e-09
877.8	4.7499e-09
878.0	3.7948e-09
878.2	3.3557e-09
878.4	3.3512e-09
878.6	3.3468e-09
878.8	3.3423e-09
879.0	3.3379e-09
879.2	3.3334e-09
879.4	3.329e-09
879.6	3.3246e-09
879.8	3.3201e-09
880.0	3.3157e-09
880.2	4.1683e-09
880.4	6.071e-09
880.6	8.8421e-09
880.8	1.2878e-08
881.0	1.8756e-08
881.2	2.7318e-08
881.4	3.9787e-08
881.6	5.7948e-08
881.8	8.4399e-08
882.0	1.2292e-07
882.2	1.3336e-07
882.4	1.3249e-07
882.6	1.3163e-07
882.8	1.3078e-07
883.0	1.2993e-07
883.2	1.2909e-07
883.4	1.2825e-07
883.6	1.2742e-07
883.8	1.2659e-07
884.0	1.2577e-07
884.2	1.3618e-07
884.4	1.4841e-07
884.6	1.6173e-07
884.8	1.7626e-07
885.0	1.9208e-07
885.2	2.0933e-07
885.4	2.2813e-07
885.6	2.4861e-07
885.8	2.7094e-07
886.0	2.9527e-07
886.2	3.2368e-07
886.4	3.5949e-07
886.6	3.9927e-07
886.8	4.4345e-07
887.0	4.9252e-07
887.2	5.4702e-07
887.4	6.0754e-07
887.6	6.7477e-07
887.8	7.4944e-07
888.0	8.3236e-07
888.2	9.0565e-07
888.4	9.628e-07
888.6	1.0235e-06
888.8	1.0881e-06
889.0	1.1568e-06
889.2	1.2298e-06
889.4	1.3074e-06
889.6	1.3899e-06
889.8	1.4776e-06
890.0	1.5708e-06
890.2	1.6152e-06
890.4	1.6285e-06
890.6	1.642e-06
890.8	1.6556e-06
891.0	1.6693e-06
891.2	1.6831e-06
891.4	1.697e-06
891.6	1.7111e-06
891.8	1.7252e-06
892.0	1.7395e-06
892.2	1.7085e-06
892.4	1.6671e-06
892.6	1.6266e-06
892.8	1.5872e-06
893.0	1.5487e-06
893.2	1.5111e-06
893.4	1.4745e-06
893.6	1.4387e-06
893.8	1.4039e-06
894.0	1.3698e-06
894.2	1.3155e-06
894.4	1.2627e-06
894.6	1.2119e-06
894.8	1.1632e-06
895.0	1.1165e-06
895.2	1.0716e-06
895.4	1.0286e-06
895.6	9.8723e-07
895.8	9.4756e-07
896.0	9.0948e-07
896.2	8.7689e-07
896.4	8.5537e-07
896.6	8.3438e-07
896.8	8.139e-07
897.0	7.9392e-07
897.2	7.7444e-07
897.4	7.5543e-07
897.6	7.3689e-07
897.8	7.188e-07
898.0	7.0116e-07
898.2	6.9425e-07
898.4	7.0035e-07
898.6	7.065e-07
898.8	7.1271e-07
899.0	7.1897e-07
899.2	7.2529e-07
899.4	7.3166e-07
899.6	7.3808e-07
899.8	7.4457e-07
900.0	7.5111e-07
900.2	7.5107e-07
900.4	7.469e-07
900.6	7.4275e-07
900.8	7.3863e-07
901.0	7.3454e-07
901.2	7.3046e-07
901.4	7.2641e-07
901.6	7.2238e-07
901.8	7.1837e-07
902.0	7.1439e-07
902.2	7.2815e-07
902.4	7.4705e-07
902.6	7.6644e-07
902.8	7.8633e-07
903.0	8.0675e-07
903.2	8.2769e-07
903.4	8.4917e-07
903.6	8.7122e-07
903.8	8.9383e-07
904.0	9.1703e-07
904.2	9.3145e-07
904.4	9.4575e-07
904.6	9.6028e-07
904.8	9.7502e-07
905.0	9.8999e-07
905.2	1.0052e-06
905.4	1.0206e-06
905.6	1.0363e-06
905.8	1.0522e-06
906.0	1.0684e-06
906.2	1.089e-06
906.4	1.1226e-06
906.6	1.1571e-06
906.8	1.1928e-06
907.0	1.2295e-06
907.2	1.2673e-06
907.4	1.3064e-06
907.6	1.3466e-06
907.8	1.388e-06
908.0	1.4308e-06
908.2	1.4625e-06
908.4	1.4784e-06
908.6	1.4945e-06
908.8	1.5107e-06
909.0	1.5271e-06
909.2	1.5437e-06
909.4	1.5605e-06
909.6	1.5774e-06
909.8	1.5945e-06
910.0	1.6119e-06
910.2	1.6199e-06
910.4	1.6221e-06
910.6	1.6242e-06
910.8	1.6263e-06
911.0	1.6284e-06
911.2	1.6305e-06
911.4	1.6327e-06
911.6	1.6348e-06
911.8	1.6369e-06
912.0	1.6391e-06
912.2	1.6215e-06
912.4	1.599e-06
912.6	1.5768e-06
912.8	1.5549e-06
913.0	1.5333e-06
913.2	1.512e-06
913.4	1.491e-06
913.6	1.4703e-06
913.8	1.4499e-06
914.0	1.4298e-06
914.2	1.4013e-06
914.4	1.3731e-06
914.6	1.3455e-06
914.8	1.3185e-06
915.0	1.292e-06
915.2	1.266e-06
915.4	1.2405e-06
915.6	1.2156e-06
915.8	1.1912e-06
916.0	1.1672e-06
916.2	1.1451e-06
916.4	1.1277e-06
916.6	1.1105e-06
916.8	1.0935e-06
917.0	1.0768e-06
917.2	1.0604e-06
917.4	1.0443e-06
917.6	1.0283e-06
917.8	1.0126e-06
918.0	9.972e-07
918.2	9.8407e-07
918.4	9.7384e-07
918.6	9.6372e-07
918.8	9.5371e-07
919.0	9.4379e-07
919.2	9.3399e-07
919.4	9.2428e-07
919.6	9.1468e-07
919.8	9.0517e-07
920.0	8.9576e-07
920.2	8.8612e-07
920.4	8.7636e-07
920.6	8.6671e-07
920.8	8.5717e-07
921.0	8.4774e-07
921.2	8.3841e-07
921.4	8.2918e-07
921.6	8.2005e-07
921.8	8.1102e-07
922.0	8.0209e-07
922.2	8.1128e-07
922.4	8.2518e-07
922.6	8.3933e-07
922.8	8.5372e-07
923.0	8.6836e-07
923.2	8.8324e-07
923.4	8.9839e-07
923.6	9.1379e-07
923.8	9.2945e-07
924.0	9.4539e-07
924.2	9.384e-07
924.4	9.3123e-07
924.6	9.2412e-07
924.8	9.1706e-07
925.0	9.1006e-07
925.2	9.0311e-07
925.4	8.9621e-07
925.6	8.8937e-07
925.8	8.8258e-07
926.0	8.7584e-07
926.2	8.7355e-07
926.4	8.8531e-07
926.6	8.9722e-07
926.8	9.093e-07
927.0	9.2154e-07
927.2	9.3394e-07
927.4	9.4652e-07
927.6	9.5926e-07
927.8	9.7217e-07
928.0	9.8525e-07
928.2	1.005e-06
928.4	1.0338e-06
928.6	1.0635e-06
928.8	1.0941e-06
929.0	1.1255e-06
929.2	1.1579e-06
929.4	1.1911e-06
929.6	1.2253e-06
929.8	1.2606e-06
930.0	1.2968e-06
930.2	1.3249e-06
930.4	1.348e-06
930.6	1.3715e-06
930.8	1.3954e-06
931.0	1.4198e-06
931.2	1.4445e-06
931.4	1.4697e-06
931.6	1.4953e-06
931.8	1.5214e-06
932.0	1.5479e-06
932.2	1.5625e-06
932.4	1.5744e-06
932.6	1.5864e-06
932.8	1.5985e-06
933.0	1.6106e-06
933.2	1.6229e-06
933.4	1.6353e-06
933.6	1.6477e-06
933.8	1.6603e-06
934.0	1.6728e-06
934.2	1.6746e-06
934.4	1.6764e-06
934.6	1.6782e-06
934.8	1.68e-06
935.0	1.6819e-06
935.2	1.6837e-06
935.4	1.6855e-06
935.6	1.6873e-06
935.8	1.6891e-06
936.0	1.6909e-06
936.2	1.6893e-06
936.4	1.677e-06
936.6	1.6647e-06
936.8	1.6526e-06
937.0	1.6405e-06
937.2	1.6285e-06
937.4	1.6167e-06
937.6	1.6049e-06
937.8	1.5932e-06
938.0	1.5815e-06
938.2	1.5633e-06
938.4	1.5369e-06
938.6	1.511e-06
938.8	1.4855e-06
939.0	1.4604e-06
939.2	1.4357e-06
939.4	1.4115e-06
939.6	1.3877e-06
939.8	1.3643e-06
940.0	1.3412e-06
940.2	1.3103e-06
940.4	1.2756e-06
940.6	1.2418e-06
940.8	1.209e-06
941.0	1.1769e-06
941.2	1.1458e-06
941.4	1.1154e-06
941.6	1.0859e-06
941.8	1.0571e-06
942.0	1.0291e-06
942.2	1.0228e-06
942.4	1.0206e-06
942.6	1.0183e-06
942.8	1.0161e-06
943.0	1.0139e-06
943.2	1.0117e-06
943.4	1.0095e-06
943.6	1.0073e-06
943.8	1.0051e-06
944.0	1.0025e-06
944.2	9.9065e-07
944.4	9.7898e-07
944.6	9.6744e-07
944.8	9.5604e-07
945.0	9.4477e-07
945.2	9.3364e-07
945.4	9.2263e-07
945.6	9.1176e-07
945.8	9.0101e-07
946.0	8.9039e-07
946.2	8.7942e-07
946.4	8.669e-07
946.6	8.5455e-07
946.8	8.4239e-07
947.0	8.3039e-07
947.2	8.1857e-07
947.4	8.0691e-07
947.6	7.9542e-07
947.8	7.841e-07
948.0	7.7293e-07
948.2	7.7068e-07
948.4	7.8066e-07
948.6	7.9076e-07
948.8	8.0099e-07
949.0	8.1136e-07
949.2	8.2186e-07
949.4	8.325e-07
949.6	8.4327e-07
949.8	8.5419e-07
950.0	8.6524e-07
950.2	8.6484e-07
950.4	8.5757e-07
950.6	8.5036e-07
950.8	8.432e-07
951.0	8.3611e-07
951.2	8.2908e-07
951.4	8.2211e-07
951.6	8.1519e-07
951.8	8.0833e-07
952.0	8.0153e-07
952.2	8.081e-07
952.4	8.1741e-07
952.6	8.2682e-07
952.8	8.3633e-07
953.0	8.4596e-07
953.2	8.557e-07
953.4	8.6555e-07
953.6	8.7551e-07
953.8	8.8559e-07
954.0	8.9602e-07
954.2	9.1154e-07
954.4	9.2733e-07
954.6	9.4339e-07
954.8	9.5973e-07
955.0	9.7635e-07
955.2	9.9327e-07
955.4	1.0105e-06
955.6	1.028e-06
955.8	1.0458e-06
956.0	1.0639e-06
956.2	1.0825e-06
956.4	1.1023e-06
956.6	1.1225e-06
956.8	1.143e-06
957.0	1.1639e-06
957.2	1.1852e-06
957.4	1.2069e-06
957.6	1.229e-06
957.8	1.2515e-06
958.0	1.2744e-06
958.2	1.2947e-06
958.4	1.311e-06
958.6	1.3275e-06
958.8	1.3442e-06
959.0	1.361e-06
959.2	1.3781e-06
959.4	1.3954e-06
959.6	1.413e-06
959.8	1.4307e-06
960.0	1.4487e-06
960.2	1.451e-06
960.4	1.4433e-06
960.6	1.4357e-06
960.8	1.4282e-06
961.0	1.4206e-06
961.2	1.4132e-06
961.4	1.4057e-06
961.6	1.3983e-06
961.8	1.3909e-06
962.0	1.3836e-06
962.2	1.3817e-06
962.4	1.381e-06
962.6	1.3802e-06
962.8	1.3795e-06
963.0	1.3787e-06
963.2	1.378e-06
963.4	1.3772e-06
963.6	1.3765e-06
963.8	1.3757e-06
964.0	1.3731e-06
964.2	1.3364e-06
964.4	1.3006e-06
964.6	1.2658e-06
964.8	1.2319e-06
965.0	1.199e-06
965.2	1.1669e-06
965.4	1.1357e-06
965.6	1.1053e-06
965.8	1.0757e-06
966.0	1.0469e-06
966.2	1.0214e-06
966.4	1.006e-06
966.6	9.9087e-07
966.8	9.7594e-07
967.0	9.6122e-07
967.2	9.4673e-07
967.4	9.3246e-07
967.6	9.184e-07
967.8	9.0456e-07
968.0	8.9092e-07
968.2	8.7369e-07
968.4	8.5176e-07
968.6	8.3039e-07
968.8	8.0955e-07
969.0	7.8923e-07
969.2	7.6943e-07
969.4	7.5012e-07
969.6	7.313e-07
969.8	7.1294e-07
970.0	6.9505e-07
970.2	6.866e-07
970.4	6.8318e-07
970.6	6.7978e-07
970.8	6.764e-07
971.0	6.7304e-07
971.2	6.6969e-07
971.4	6.6635e-07
971.6	6.6304e-07
971.8	6.5974e-07
972.0	6.5646e-07
972.2	6.3922e-07
972.4	6.2034e-07
972.6	6.0201e-07
972.8	5.8423e-07
973.0	5.6697e-07
973.2	5.5022e-07
973.4	5.3397e-07
973.6	5.1819e-07
973.8	5.0289e-07
974.0	4.8881e-07
974.2	4.8282e-07
974.4	4.7691e-07
974.6	4.7107e-07
974.8	4.6531e-07
975.0	4.5961e-07
975.2	4.5398e-07
975.4	4.4842e-07
975.6	4.4293e-07
975.8	4.3751e-07
976.0	4.3215e-07
976.2	4.2677e-07
976.4	4.2099e-07
976.6	4.1529e-07
976.8	4.0967e-07
977.0	4.0412e-07
977.2	3.9865e-07
977.4	3.9325e-07
977.6	3.8793e-07
977.8	3.8267e-07
978.0	3.7749e-07
978.2	3.7289e-07
978.4	3.6915e-07
978.6	3.6545e-07
978.8	3.6179e-07
979.0	3.5816e-07
979.2	3.5457e-07
979.4	3.5101e-07
979.6	3.4749e-07
979.8	3.4401e-07
980.0	3.4056e-07
980.2	3.4185e-07
980.4	3.4622e-07
980.6	3.5063e-07
980.8	3.5511e-07
981.0	3.5964e-07
981.2	3.6423e-07
981.4	3.6887e-07
981.6	3.7358e-07
981.8	3.7835e-07
982.0	3.8317e-07
982.2	3.6785e-07
982.4	3.4957e-07
982.6	3.3219e-07
982.8	3.1568e-07
983.0	2.9999e-07
983.2	2.8507e-07
983.4	2.709e-07
983.6	2.5744e-07
983.8	2.4464e-07
984.0	2.3392e-07
984.2	2.4274e-07
984.4	2.519e-07
984.6	2.614e-07
984.8	2.7126e-07
985.0	2.8149e-07
985.2	2.921e-07
985.4	3.0312e-07
985.6	3.1456e-07
985.8	3.2642e-07
986.0	3.3873e-07
986.2	3.4735e-07
986.4	3.3741e-07
986.6	3.2776e-07
986.8	3.1838e-07
987.0	3.0927e-07
987.2	3.0042e-07
987.4	2.9182e-07
987.6	2.8347e-07
987.8	2.7536e-07
988.0	2.6748e-07
988.2	2.6663e-07
988.4	2.7587e-07
988.6	2.8543e-07
988.8	2.9532e-07
989.0	3.0555e-07
989.2	3.1614e-07
989.4	3.271e-07
989.6	3.3843e-07
989.8	3.5016e-07
990.0	3.623e-07
990.2	3.6989e-07
990.4	3.7488e-07
990.6	3.7993e-07
990.8	3.8506e-07
991.0	3.9025e-07
991.2	3.9552e-07
991.4	4.0086e-07
991.6	4.0626e-07
991.8	4.1174e-07
992.0	4.173e-07
992.2	4.1243e-07
992.4	4.0622e-07
992.6	4.001e-07
992.8	3.9408e-07
993.0	3.8814e-07
993.2	3.823e-07
993.4	3.7654e-07
993.6	3.7087e-07
993.8	3.6529e-07
994.0	3.6096e-07
994.2	3.6524e-07
994.4	3.6957e-07
994.6	3.7395e-07
994.8	3.7838e-07
995.0	3.8287e-07
995.2	3.8741e-07
995.4	3.92e-07
995.6	3.9665e-07
995.8	4.0135e-07
996.0	4.0611e-07
996.2	4.1223e-07
996.4	4.2828e-07
996.6	4.4496e-07
996.8	4.6229e-07
997.0	4.8029e-07
997.2	4.9899e-07
997.4	5.1842e-07
997.6	5.386e-07
997.8	5.5958e-07
998.0	5.8136e-07
998.2	5.9437e-07
998.4	5.9054e-07
998.6	5.8674e-07
998.8	5.8296e-07
999.0	5.7921e-07
999.2	5.7548e-07
999.4	5.7177e-07
999.6	5.6809e-07
999.8	5.6443e-07
1000.0	5.608e-07
1000.2	5.7101e-07
1000.4	5.9097e-07
1000.6	6.1163e-07
1000.8	6.3301e-07
1001.0	6.5514e-07
1001.2	6.7805e-07
1001.4	7.0175e-07
1001.6	7.2629e-07
1001.8	7.5168e-07
1002.0	7.7796e-07
1002.2	8.0964e-07
1002.4	8.4351e-07
1002.6	8.7879e-07
1002.8	9.1554e-07
1003.0	9.5383e-07
1003.2	9.9373e-07
1003.4	1.0353e-06
1003.6	1.0786e-06
1003.8	1.1237e-06
1004.0	1.2238e-06
1004.2	2.0879e-06
1004.4	3.562e-06
1004.6	6.0769e-06
1004.8	1.0367e-05
1005.0	1.7687e-05
1005.2	2.2339e-05
1005.4	2.2973e-05
1005.6	2.3808e-05
1005.8	1.9838e-05
1006.0	2.4161e-05
1006.2	2.1418e-05
1006.4	2.3009e-05
1006.6	2.1987e-05
1006.8	2.3863e-05
1007.0	2.292e-05
1007.2	2.3059e-05
1007.4	2.2669e-05
1007.6	2.4715e-05
1007.8	2.4797e-05
1008.0	2.6519e-05
1008.2	2.66e-05
1008.4	2.6042e-05
1008.6	2.6522e-05
1008.8	2.803e-05
1009.0	2.5228e-05
1009.2	2.8929e-05
1009.4	2.6669e-05
1009.6	2.8589e-05
1009.8	2.8639e-05
1010.0	2.7951e-05
1010.2	2.6779e-05
1010.4	3.0824e-05
1010.6	2.5961e-05
1010.8	2.9063e-05
1011.0	3.0269e-05
1011.2	2.943e-05
1011.4	2.9147e-05
1011.6	3.0777e-05
1011.8	2.9445e-05
1012.0	3.1051e-05
1012.2	3.1397e-05
1012.4	3.2263e-05
1012.6	3.2338e-05
1012.8	3.255e-05
1013.0	3.3489e-05
1013.2	3.3091e-05
1013.4	3.355e-05
1013.6	3.5364e-05
1013.8	3.4562e-05
1014.0	3.7236e-05
1014.2	3.5005e-05
1014.4	3.4168e-05
1014.6	3.526e-05
1014.8	3.445e-05
1015.0	4.0159e-05
1015.2	4.0703e-05
1015.4	3.8577e-05
1015.6	3.9257e-05
1015.8	4.0923e-05
1016.0	4.0469e-05
1016.2	3.8601e-05
1016.4	3.9462e-05
1016.6	4.5671e-05
1016.8	4.4671e-05
1017.0	4.6362e-05
1017.2	4.4867e-05
1017.4	4.9085e-05
1017.6	4.5788e-05
1017.8	4.6671e-05
1018.0	4.6765e-05
1018.2	4.8949e-05
1018.4	4.9268e-05
1018.6	5.1578e-05
1018.8	5.1771e-05
1019.0	5.4421e-05
1019.2	5.7452e-05
1019.4	5.457e-05
1019.6	5.5256e-05
1019.8	5.8189e-05
1020.0	6.1579e-05
1020.2	6.595e-05
1020.4	5.9931e-05
1020.6	6.8196e-05
1020.8	6.8335e-05
1021.0	6.4696e-05
1021.2	7.2573e-05
1021.4	6.7245e-05
1021.6	7.8103e-05
1021.8	7.2876e-05
1022.0	7.9174e-05
1022.2	7.5947e-05
1022.4	8.2542e-05
1022.6	8.5224e-05
1022.8	8.7954e-05
1023.0	9.052e-05
1023.2	9.8907e-05
1023.4	9.7953e-05
1023.6	9.633e-05
1023.8	1.0302e-04
1024.0	1.1158e-04
1024.2	1.1666e-04
1024.4	1.165e-04
1024.6	1.2201e-04
1024.8	1.3514e-04
1025.0	1.6744e-04
1025.2	2.1435e-04
1025.4	2.1982e-04
1025.6	2.1415e-04
1025.8	2.2979e-04
1026.0	2.2868e-04
1026.2	2.3842e-04
1026.4	2.4994e-04
1026.6	2.6505e-04
1026.8	2.7069e-04
1027.0	2.8675e-04
1027.2	2.94e-04
1027.4	3.1947e-04
1027.6	3.3436e-04
1027.8	3.5239e-04
1028.0	3.8099e-04
1028.2	3.8323e-04
1028.4	4.1497e-04
1028.6	4.3802e-04
1028.8	4.7229e-04
1029.0	4.9685e-04
1029.2	5.3588e-04
1029.4	5.7994e-04
1029.6	6.1223e-04
1029.8	6.5136e-04
1030.0	6.9576e-04
1030.2	7.7854e-04
1030.4	8.3015e-04
1030.6	9.0219e-04
1030.8	9.973e-04
1031.0	0.00108
1031.2	0.0012
1031.4	0.00131
1031.6	0.00144
1031.8	0.0016
1032.0	0.00178
1032.2	0.00198
1032.4	0.00222
1032.6	0.00249
1032.8	0.00278
1033.0	0.00317
1033.2	0.00353
1033.4	0.00403
1033.6	0.00461
1033.8	0.00517
1034.0	0.00593
1034.2	0.00672
1034.4	0.00762
1034.6	0.00867
1034.8	0.00975
1035.0	0.01093
1035.2	0.01229
1035.4	0.0135
1035.6	0.01469
1035.8	0.01579
1036.0	0.0167
1036.2	0.01745
1036.4	0.01792
1036.6	0.01799
1036.8	0.01797
1037.0	0.01773
1037.2	0.01736
1037.4	0.01692
1037.6	0.01627
1037.8	0.01563
1038.0	0.01505
1038.2	0.01437
1038.4	0.01387
1038.6	0.01329
1038.8	0.01273
1039.0	0.01226
1039.2	0.01184
1039.4	0.01149
1039.6	0.0111
1039.8	0.01078
1040.0	0.01051
1040.2	0.01026
1040.4	0.00999
1040.6	0.00993
1040.8	0.0097
1041.0	0.00961
1041.2	0.00945
1041.4	0.00942
1041.6	0.0093
1041.8	0.00928
1042.0	0.00926
1042.2	0.00932
1042.4	0.00928
1042.6	0.00928
1042.8	0.00931
1043.0	0.00948
1043.2	0.00947
1043.4	0.00964
1043.6	0.00971
1043.8	0.00992
1044.0	0.01001
1044.2	0.01021
1044.4	0.01048
1044.6	0.01061
1044.8	0.01078
1045.0	0.01077
1045.2	0.01076
1045.4	0.01105
1045.6	0.01129
1045.8	0.01171
1046.0	0.012
1046.2	0.01251
1046.4	0.01286
1046.6	0.01334
1046.8	0.01375
1047.0	0.01436
1047.2	0.01489
1047.4	0.01559
1047.6	0.01627
1047.8	0.01691
1048.0	0.01788
1048.2	0.01871
1048.4	0.01951
1048.6	0.0205
1048.8	0.02168
1049.0	0.02287
1049.2	0.02417
1049.4	0.02561
1049.6	0.02714
1049.8	0.02885
1050.0	0.03068
1050.2	0.03275
1050.4	0.03488
1050.6	0.03741
1050.8	0.0401
1051.0	0.04304
1051.2	0.04634
1051.4	0.0498
1051.6	0.05396
1051.8	0.05807
1052.0	0.06297
1052.2	0.06834
1052.4	0.07404
1052.6	0.08034
1052.8	0.08755
1053.0	0.09548
1053.2	0.10409
1053.4	0.11326
1053.6	0.12339
1053.8	0.13436
1054.0	0.14599
1054.2	0.15815
1054.4	0.17144
1054.6	0.18472
1054.8	0.1984
1055.0	0.21257
1055.2	0.22564
1055.4	0.2381
1055.6	0.24942
1055.8	0.25911
1056.0	0.26673
1056.2	0.27266
1056.4	0.27616
1056.6	0.27742
1056.8	0.27708
1057.0	0.27449
1057.2	0.27001
1057.4	0.2647
1057.6	0.25802
1057.8	0.25063
1058.0	0.243
1058.2	0.23514
1058.4	0.22733
1058.6	0.21895
1058.8	0.21123
1059.0	0.20426
1059.2	0.19719
1059.4	0.19096
1059.6	0.18482
1059.8	0.17906
1060.0	0.17381
1060.2	0.16847
1060.4	0.16426
1060.6	0.16044
1060.8	0.15658
1061.0	0.1533
1061.2	0.15043
1061.4	0.14741
1061.6	0.14505
1061.8	0.14281
1062.0	0.14113
1062.2	0.13929
1062.4	0.13768
1062.6	0.13686
1062.8	0.13631
1063.0	0.13515
1063.2	0.13506
1063.4	0.13428
1063.6	0.13431
1063.8	0.13469
1064.0	0.13494
1064.2	0.13551
1064.4	0.13625
1064.6	0.13767
1064.8	0.1388
1065.0	0.14
1065.2	0.14117
1065.4	0.14326
1065.6	0.14564
1065.8	0.14824
1066.0	0.15042
1066.2	0.15319
1066.4	0.15642
1066.6	0.16009
1066.8	0.16369
1067.0	0.16752
1067.2	0.17134
1067.4	0.1763
1067.6	0.18129
1067.8	0.18667
1068.0	0.19234
1068.2	0.19827
1068.4	0.20473
1068.6	0.2114
1068.8	0.21919
1069.0	0.22724
1069.2	0.23546
1069.4	0.24409
1069.6	0.25404
1069.8	0.2646
1070.0	0.27507
1070.2	0.28667
1070.4	0.29912
1070.6	0.31259
1070.8	0.32596
1071.0	0.33988
1071.2	0.35519
1071.4	0.37105
1071.6	0.38818
1071.8	0.40545
1072.0	0.42428
1072.2	0.44215
1072.4	0.46212
1072.6	0.48365
1072.8	0.50409
1073.0	0.52475
1073.2	0.54664
1073.4	0.56598
1073.6	0.58784
1073.8	0.60714
1074.0	0.62674
1074.2	0.64557
1074.4	0.66221
1074.6	0.67914
1074.8	0.69291
1075.0	0.7066
1075.2	0.71727
1075.4	0.72519
1075.6	0.73187
1075.8	0.7368
1076.0	0.73861
1076.2	0.73869
1076.4	0.73604
1076.6	0.73237
1076.8	0.72864
1077.0	0.72042
1077.2	0.71271
1077.4	0.70266
1077.6	0.69296
1077.8	0.68295
1078.0	0.67093
1078.2	0.65877
1078.4	0.64671
1078.6	0.63378
1078.8	0.62249
1079.0	0.61033
1079.2	0.59806
1079.4	0.58742
1079.6	0.57526
1079.8	0.5653
1080.0	0.55551
1080.2	0.54507
1080.4	0.53627
1080.6	0.52806
1080.8	0.51866
1081.0	0.51253
1081.2	0.50315
1081.4	0.49865
1081.6	0.48937
1081.8	0.48577
1082.0	0.48182
1082.2	0.47564
1082.4	0.47166
1082.6	0.46814
1082.8	0.46505
1083.0	0.46162
1083.2	0.45965
1083.4	0.45753
1083.6	0.45566
1083.8	0.45491
1084.0	0.45376
1084.2	0.45273
1084.4	0.45283
1084.6	0.45393
1084.8	0.45526
1085.0	0.45674
1085.2	0.45865
1085.4	0.46079
1085.6	0.46364
1085.8	0.46629
1086.0	0.46946
1086.2	0.47328
1086.4	0.47737
1086.6	0.48208
1086.8	0.48665
1087.0	0.49322
1087.2	0.49636
1087.4	0.50507
1087.6	0.51079
1087.8	0.51772
1088.0	0.52549
1088.2	0.5321
1088.4	0.53954
1088.6	0.54813
1088.8	0.55519
1089.0	0.56487
1089.2	0.57489
1089.4	0.58241
1089.6	0.5922
1089.8	0.60203
1090.0	0.61096
1090.2	0.61973
1090.4	0.62967
1090.6	0.63923
1090.8	0.64909
1091.0	0.65853
1091.2	0.66753
1091.4	0.67665
1091.6	0.68407
1091.8	0.69165
1092.0	0.69943
1092.2	0.70832
1092.4	0.71309
1092.6	0.7197
1092.8	0.72258
1093.0	0.72694
1093.2	0.73185
1093.4	0.73389
1093.6	0.73279
1093.8	0.73563
1094.0	0.73386
1094.2	0.72987
1094.4	0.72855
1094.6	0.7236
1094.8	0.72062
1095.0	0.71377
1095.2	0.70969
1095.4	0.70049
1095.6	0.69284
1095.8	0.6857
1096.0	0.67439
1096.2	0.66713
1096.4	0.65483
1096.6	0.64642
1096.8	0.63406
1097.0	0.62348
1097.2	0.61051
1097.4	0.59926
1097.6	0.5889
1097.8	0.57644
1098.0	0.56648
1098.2	0.55471
1098.4	0.54462
1098.6	0.53332
1098.8	0.52017
1099.0	0.51067
1099.2	0.50206
1099.4	0.49149
1099.6	0.48057
1099.8	0.47185
1100.0	0.4621
1100.2	0.45164
1100.4	0.44621
1100.6	0.43585
1100.8	0.42764
1101.0	0.42008
1101.2	0.41364
1101.4	0.40669
1101.6	0.39846
1101.8	0.39213
1102.0	0.38516
1102.2	0.38054
1102.4	0.37476
1102.6	0.37111
1102.8	0.36376
1103.0	0.35911
1103.2	0.35425
1103.4	0.34975
1103.6	0.34626
1103.8	0.34286
1104.0	0.33881
1104.2	0.33533
1104.4	0.33125
1104.6	0.32907
1104.8	0.32619
1105.0	0.32363
1105.2	0.32196
1105.4	0.32042
1105.6	0.31805
1105.8	0.31712
1106.0	0.31535
1106.2	0.31384
1106.4	0.30923
1106.6	0.31138
1106.8	0.30993
1107.0	0.30919
1107.2	0.30902
1107.4	0.30848
1107.6	0.30814
1107.8	0.30921
1108.0	0.30934
1108.2	0.30959
1108.4	0.31088
1108.6	0.30968
1108.8	0.31231
1109.0	0.31377
1109.2	0.31534
1109.4	0.31631
1109.6	0.31745
1109.8	0.3191
1110.0	0.31988
1110.2	0.32329
1110.4	0.32485
1110.6	0.32819
1110.8	0.33081
1111.0	0.33325
1111.2	0.33597
1111.4	0.33877
1111.6	0.34298
1111.8	0.34694
1112.0	0.3499
1112.2	0.35193
1112.4	0.35918
1112.6	0.36254
1112.8	0.36811
1113.0	0.37139
1113.2	0.37796
1113.4	0.38125
1113.6	0.38722
1113.8	0.39174
1114.0	0.3983
1114.2	0.4026
1114.4	0.40905
1114.6	0.41552
1114.8	0.42194
1115.0	0.42691
1115.2	0.43548
1115.4	0.44126
1115.6	0.44851
1115.8	0.45785
1116.0	0.46411
1116.2	0.47139
1116.4	0.47745
1116.6	0.48518
1116.8	0.49398
1117.0	0.50106
1117.2	0.50871
1117.4	0.51841
1117.6	0.52469
1117.8	0.53442
1118.0	0.54542
1118.2	0.5484
1118.4	0.55789
1118.6	0.56846
1118.8	0.5729
1119.0	0.58129
1119.2	0.58986
1119.4	0.59777
1119.6	0.60447
1119.8	0.61294
1120.0	0.62324
1120.2	0.62638
1120.4	0.63415
1120.6	0.64083
1120.8	0.64666
1121.0	0.65481
1121.2	0.65917
1121.4	0.66356
1121.6	0.66798
1121.8	0.67243
1122.0	0.67689
1122.2	0.68061
1122.4	0.68435
1122.6	0.68811
1122.8	0.6919
1123.0	0.69563
1123.2	0.69672
1123.4	0.69782
1123.6	0.69892
1123.8	0.70002
1124.0	0.70106
1124.2	0.70096
1124.4	0.70087
1124.6	0.70077
1124.8	0.70068
1125.0	0.70053
1125.2	0.69842
1125.4	0.69632
1125.6	0.69422
1125.8	0.69213
1126.0	0.69003
1126.2	0.68689
1126.4	0.68376
1126.6	0.68065
1126.8	0.67755
1127.0	0.67445
1127.2	0.67107
1127.4	0.66772
1127.6	0.66438
1127.8	0.66106
1128.0	0.65776
1128.2	0.65476
1128.4	0.65179
1128.6	0.64882
1128.8	0.64587
1129.0	0.64294
1129.2	0.64057
1129.4	0.6382
1129.6	0.63585
1129.8	0.63351
1130.0	0.63117
1130.2	0.62887
1130.4	0.62658
1130.6	0.62429
1130.8	0.62202
1131.0	0.61978
1131.2	0.6186
1131.4	0.61743
1131.6	0.61626
1131.8	0.61509
1132.0	0.61394
1132.2	0.61392
1132.4	0.61389
1132.6	0.61386
1132.8	0.61384
1133.0	0.61386
1133.2	0.61492
1133.4	0.61598
1133.6	0.61705
1133.8	0.61812
1134.0	0.61921
1134.2	0.62106
1134.4	0.62292
1134.6	0.62478
1134.8	0.62664
1135.0	0.62853
1135.2	0.63105
1135.4	0.63358
1135.6	0.63612
1135.8	0.63867
1136.0	0.64124
1136.2	0.64535
1136.4	0.64948
1136.6	0.65365
1136.8	0.65783
1137.0	0.66209
1137.2	0.66734
1137.4	0.67263
1137.6	0.67796
1137.8	0.68333
1138.0	0.68877
1138.2	0.69491
1138.4	0.70111
1138.6	0.70736
1138.8	0.71367
1139.0	0.72004
1139.2	0.72673
1139.4	0.73349
1139.6	0.7403
1139.8	0.74718
1140.0	0.75414
1140.2	0.76181
1140.4	0.76957
1140.6	0.7774
1140.8	0.78531
1141.0	0.79332
1141.2	0.8017
1141.4	0.81018
1141.6	0.81874
1141.8	0.82739
1142.0	0.8361
1142.2	0.84406
1142.4	0.85209
1142.6	0.8602
1142.8	0.86839
1143.0	0.87663
1143.2	0.88426
1143.4	0.89195
1143.6	0.89971
1143.8	0.90754
1144.0	0.91535
1144.2	0.92107
1144.4	0.92683
1144.6	0.93261
1144.8	0.93844
1145.0	0.94425
1145.2	0.9484
1145.4	0.95257
1145.6	0.95676
1145.8	0.96097
1146.0	0.96515
1146.2	0.96683
1146.4	0.96851
1146.6	0.9702
1146.8	0.97189
1147.0	0.97353
1147.2	0.97261
1147.4	0.97169
1147.6	0.97077
1147.8	0.96986
1148.0	0.96892
1148.2	0.96551
1148.4	0.96211
1148.6	0.95872
1148.8	0.95534
1149.0	0.95184
1149.2	0.94606
1149.4	0.94032
1149.6	0.93462
1149.8	0.92894
1150.0	0.92324
1150.2	0.91613
1150.4	0.90908
1150.6	0.90209
1150.8	0.89515
1151.0	0.88819
1151.2	0.87988
1151.4	0.87164
1151.6	0.86349
1151.8	0.8554
1152.0	0.84737
1152.2	0.83879
1152.4	0.8303
1152.6	0.82189
1152.8	0.81357
1153.0	0.80532
1153.2	0.79708
1153.4	0.78892
1153.6	0.78085
1153.8	0.77285
1154.0	0.76494
1154.2	0.75691
1154.4	0.74896
1154.6	0.74109
1154.8	0.73331
1155.0	0.72562
1155.2	0.71854
1155.4	0.71154
1155.6	0.7046
1155.8	0.69773
1156.0	0.69094
1156.2	0.68495
1156.4	0.67902
1156.6	0.67313
1156.8	0.6673
1157.0	0.66152
1157.2	0.65599
1157.4	0.65051
1157.6	0.64508
1157.8	0.63968
1158.0	0.63435
1158.2	0.63014
1158.4	0.62596
1158.6	0.62181
1158.8	0.61769
1159.0	0.6136
1159.2	0.60996
1159.4	0.60634
1159.6	0.60275
1159.8	0.59917
1160.0	0.59563
1160.2	0.59293
1160.4	0.59025
1160.6	0.58758
1160.8	0.58492
1161.0	0.5823
1161.2	0.58059
1161.4	0.57888
1161.6	0.57718
1161.8	0.57548
1162.0	0.5738
1162.2	0.57249
1162.4	0.57119
1162.6	0.56988
1162.8	0.56858
1163.0	0.56732
1163.2	0.56707
1163.4	0.56683
1163.6	0.56658
1163.8	0.56633
1164.0	0.56611
1164.2	0.56627
1164.4	0.56644
1164.6	0.56661
1164.8	0.56677
1165.0	0.56695
1165.2	0.56797
1165.4	0.56899
1165.6	0.57002
1165.8	0.57105
1166.0	0.57209
1166.2	0.5736
1166.4	0.57511
1166.6	0.57663
1166.8	0.57815
1167.0	0.5797
1167.2	0.58207
1167.4	0.58445
1167.6	0.58684
1167.8	0.58923
1168.0	0.59165
1168.2	0.59429
1168.4	0.59694
1168.6	0.59961
1168.8	0.60228
1169.0	0.605
1169.2	0.6084
1169.4	0.61182
1169.6	0.61525
1169.8	0.61871
1170.0	0.62219
1170.2	0.62602
1170.4	0.62987
1170.6	0.63375
1170.8	0.63765
1171.0	0.64158
1171.2	0.64588
1171.4	0.65022
1171.6	0.65458
1171.8	0.65897
1172.0	0.6634
1172.2	0.66817
1172.4	0.67298
1172.6	0.67782
1172.8	0.68269
1173.0	0.6876
1173.2	0.69252
1173.4	0.69747
1173.6	0.70245
1173.8	0.70747
1174.0	0.71254
1174.2	0.71819
1174.4	0.72388
1174.6	0.72961
1174.8	0.73539
1175.0	0.7412
1175.2	0.74649
1175.4	0.75182
1175.6	0.75718
1175.8	0.76258
1176.0	0.76803
1176.2	0.77389
1176.4	0.77979
1176.6	0.78574
1176.8	0.79173
1177.0	0.79775
1177.2	0.80304
1177.4	0.80837
1177.6	0.81373
1177.8	0.81912
1178.0	0.82455
1178.2	0.82991
1178.4	0.8353
1178.6	0.84072
1178.8	0.84619
1179.0	0.85168
1179.2	0.85673
1179.4	0.86182
1179.6	0.86694
1179.8	0.87209
1180.0	0.87725
1180.2	0.88168
1180.4	0.88614
1180.6	0.89062
1180.8	0.89512
1181.0	0.89964
1181.2	0.90382
1181.4	0.90802
1181.6	0.91225
1181.8	0.91649
1182.0	0.92072
1182.2	0.92397
1182.4	0.92724
1182.6	0.93052
1182.8	0.93381
1183.0	0.93711
1183.2	0.93999
1183.4	0.94288
1183.6	0.94578
1183.8	0.94868
1184.0	0.95157
1184.2	0.95368
1184.4	0.95579
1184.6	0.9579
1184.8	0.96002
1185.0	0.96214
1185.2	0.9635
1185.4	0.96485
1185.6	0.96622
1185.8	0.96758
1186.0	0.96893
1186.2	0.96975
1186.4	0.97057
1186.6	0.97139
1186.8	0.97221
1187.0	0.97303
1187.2	0.9732
1187.4	0.97337
1187.6	0.97354
1187.8	0.97371
1188.0	0.97387
1188.2	0.97365
1188.4	0.97344
1188.6	0.97322
1188.8	0.97301
1189.0	0.97279
1189.2	0.97197
1189.4	0.97116
1189.6	0.97035
1189.8	0.96954
1190.0	0.96872
1190.2	0.96771
1190.4	0.9667
1190.6	0.96569
1190.8	0.96468
1191.0	0.96366
1191.2	0.96231
1191.4	0.96096
1191.6	0.95961
1191.8	0.95826
1192.0	0.9569
1192.2	0.95529
1192.4	0.95368
1192.6	0.95208
1192.8	0.95047
1193.0	0.94887
1193.2	0.94715
1193.4	0.94544
1193.6	0.94373
1193.8	0.94203
1194.0	0.94032
1194.2	0.93844
1194.4	0.93657
1194.6	0.9347
1194.8	0.93284
1195.0	0.93098
1195.2	0.92917
1195.4	0.92737
1195.6	0.92556
1195.8	0.92377
1196.0	0.92197
1196.2	0.91999
1196.4	0.91802
1196.6	0.91605
1196.8	0.91409
1197.0	0.91212
1197.2	0.91014
1197.4	0.90815
1197.6	0.90617
1197.8	0.9042
1198.0	0.90224
1198.2	0.90052
1198.4	0.8988
1198.6	0.89709
1198.8	0.89539
1199.0	0.89368
1199.2	0.89197
1199.4	0.89025
1199.6	0.88854
1199.8	0.88684
1200.0	0.88513
