wl	%T
1200	46.50274658
1199.5	46.73846436
1199	47.20085907
1198.5	47.89881516
1198	48.84377289
1197.5	50.05767441
1197	51.57862854
1196.5	53.47688293
1196	55.61483383
1195.5	58.25412369
1195	61.19421005
1194.5	64.35281372
1194	68.03854370000001
1193.5	71.72566986
1193	75.32118225000001
1192.5	78.76119232000001
1192	81.58487701
1191.5	83.44261932000001
1191	83.96569823999999
1190.5	82.82455444
1190	80.05835724000001
1189.5	75.82369995000001
1189	70.31369780999999
1188.5	64.14875031
1188	57.77198792
1187.5	51.19516754
1187	45.08962631
1186.5	39.77944565
1186	34.86878967
1185.5	30.62695313
1185	27.06790352
1184.5	23.879076
1184	21.18641472
1183.5	18.93399429
1183	17.02153206
1182.5	15.38271332
1182	13.97250557
1181.5	12.80644131
1181	11.74588871
1180.5	10.86842155
1180	10.13975525
1179.5	9.497109413
1179	8.965709686
1178.5	8.50742054
1178	8.109272002999999
1177.5	7.779065609
1177	7.510938644
1176.5	7.294322014
1176	7.118497849
1175.5	6.993416786
1175	6.914682865
1174.5	6.874230385
1174	6.87334013
1173.5	6.905807018
1173	6.977423191
1172.5	7.087112427
1172	7.238264561
1171.5	7.457409859
1171	7.721423149
1170.5	8.010129929
1170	8.339852333
1169.5	8.707592964
1169	9.124097824
1168.5	9.600236893
1168	10.11513138
1167.5	10.59037781
1167	11.01144695
1166.5	11.37868118
1166	11.6562767
1165.5	11.81841373
1165	11.81324387
1164.5	11.57797337
1164	11.18639946
1163.5	10.63120556
1163	10.00585938
1162.5	9.327270508
1162	8.581719398000001
1161.5	7.807996273
1161	7.107872009
1160.5	6.478426456
1160	5.902193546
1159.5	5.381070614
1159	4.922355652
1158.5	4.484935284
1158	4.137370586
1157.5	3.847355127
1157	3.585571766
1156.5	3.356157541
1156	3.159096479
1155.5	3.00784421
1155	2.877016783
1154.5	2.762842655
1154	2.670838118
1153.5	2.60453248
1153	2.56824851
1152.5	2.541597366
1152	2.521446228
1151.5	2.524170637
1151	2.556646824
1150.5	2.607848406
1150	2.667245626
1149.5	2.739571571
1149	2.854851723
1148.5	2.995913029
1148	3.145547152
1147.5	3.308960915
1147	3.511121511
1146.5	3.736699104
1146	3.9528265
1145.5	4.152123451
1145	4.335343361
1144.5	4.465959072
1144	4.496928215
1143.5	4.429317951
1143	4.267676353
1142.5	4.023183823
1142	3.690018177
1141.5	3.319727182
1141	2.962880135
1140.5	2.611668587
1140	2.284258127
1139.5	1.98981297
1139	1.7340101
1138.5	1.514544845
1138	1.330765486
1137.5	1.172537684
1137	1.041977882
1136.5	0.9335945248999999
1136	0.8325323462000001
1135.5	0.752589345
1135	0.686064899
1134.5	0.627779007
1134	0.5781656504
1133.5	0.5363361239
1133	0.501491785
1132.5	0.4680277407
1132	0.4419135749
1131.5	0.4207456112
1131	0.4001765847
1130.5	0.3836342394
1130	0.3715643883
1129.5	0.3609205484
1129	0.3502595127
1128.5	0.3432958126
1128	0.3386229575
1127.5	0.3332008123
1127	0.3324663341
1126.5	0.3317204118
1126	0.3320319355
1125.5	0.3345302641
1125	0.3391391039
1124.5	0.3431332111
1124	0.3491866887
1123.5	0.3548160791
1123	0.3621387482
1122.5	0.3701831102
1122	0.379419744
1121.5	0.3885656893
1121	0.3985416293
1120.5	0.4039516747
1120	0.411347717
1119.5	0.4165413678
1119	0.4180794954
1118.5	0.4184433222
1118	0.413755089
1117.5	0.4081912935
1117	0.4003211856
1116.5	0.3867975771
1116	0.3725990951
1115.5	0.3581334949
1115	0.3405685425
1114.5	0.324465096
1114	0.3060524762
1113.5	0.2891612053
1113	0.2727122605
1112.5	0.2574536204
1112	0.2430269718
1111.5	0.2300577462
1111	0.2179643661
1110.5	0.2089863122
1110	0.1976783574
1109.5	0.1884487271
1109	0.1822330952
1108.5	0.1750646085
1108	0.1698374599
1107.5	0.1656602323
1107	0.1622201949
1106.5	0.1584701985
1106	0.1559843719
1105.5	0.1551239043
1105	0.1552287787
1104.5	0.1550333053
1104	0.1568243653
1103.5	0.1592797637
1103	0.1593228132
1102.5	0.1643925905
1102	0.1681229323
1101.5	0.1742691249
1101	0.1803910136
1100.5	0.1871404946
1100	0.1961188316
1099.5	0.2059168816
1099	0.2160757333
1098.5	0.2267941833
1098	0.239852652
1097.5	0.2514301836
1097	0.2641515136
1096.5	0.2757702768
1096	0.2862897813
1095.5	0.2955952287
1095	0.3018551469
1094.5	0.3047044277
1094	0.3044969141
1093.5	0.302069515
1093	0.292660147
1092.5	0.2836725116
1092	0.2694000602
1091.5	0.2574207783
1091	0.2411911488
1090.5	0.2261087
1090	0.2116041481
1089.5	0.1986218393
1089	0.1851144582
1088.5	0.1739547849
1088	0.1638193727
1087.5	0.1527145356
1087	0.1449856162
1086.5	0.1367603242
1086	0.1305939108
1085.5	0.1238617897
1085	0.1198237538
1084.5	0.11353755
1084	0.109975636
1083.5	0.1072645783
1083	0.1037391573
1082.5	0.1016919762
1082	0.100331232
1081.5	0.09858132154
1081	0.09695932269
1080.5	0.09505611658
1080	0.09444831312
1079.5	0.09285674244
1079	0.09268151224
1078.5	0.09236333519000001
1078	0.09085198492
1077.5	0.09161996096
1077	0.09030949324
1076.5	0.09062530845
1076	0.08842113614
1075.5	0.08886508644
1075	0.08815200627
1074.5	0.08698143065
1074	0.08567772806
1073.5	0.08595176786
1073	0.08363451064000001
1072.5	0.08373398334
1072	0.08329369873
1071.5	0.08192972094000001
1071	0.08106201887
1070.5	0.08037673682
1070	0.079944022
1069.5	0.07960097492
1069	0.07949796319000001
1068.5	0.08002810925000001
1068	0.07919149846
1067.5	0.0796752423
1067	0.08087418973
1066.5	0.08142005652000001
1066	0.08244606107000001
1065.5	0.08389381319
1065	0.08750426024000001
1064.5	0.08933474123
1064	0.09256365895
1063.5	0.09498167037999999
1063	0.09984035045
1062.5	0.105156973
1062	0.1100178584
1061.5	0.1140343696
1061	0.1201786101
1060.5	0.1259313673
1060	0.1315093189
1059.5	0.1361918449
1059	0.1403974891
1058.5	0.1427178234
1058	0.1445279121
1057.5	0.1435743123
1057	0.1421114504
1056.5	0.1389588565
1056	0.1316488087
1055.5	0.1240001544
1055	0.1172320098
1054.5	0.1101195812
1054	0.1026807353
1053.5	0.09504725039
1053	0.08793990314
1052.5	0.08132489771
1052	0.07618600875000001
1051.5	0.07146081327999999
1051	0.06762515753999999
1050.5	0.06489171087999999
1050	0.06158997491
1049.5	0.05917635933
1049	0.05726682767
1048.5	0.05600378662
1048	0.0537670292
1047.5	0.05436349288
1047	0.05497321114
1046.5	0.05418355018
1046	0.05550812185
1045.5	0.05706657097
1045	0.05816321447
1044.5	0.06140536815
1044	0.06466408819
1043.5	0.06948145478999999
1043	0.07504183054000001
1042.5	0.08164475113
1042	0.08877008408000001
1041.5	0.09944726527
1041	0.1098417118
1040.5	0.1240134686
1040	0.1398767978
1039.5	0.1545362324
1039	0.1699526459
1038.5	0.1798377186
1038	0.1846361607
1037.5	0.1804047227
1037	0.171659112
1036.5	0.155972898
1036	0.138066709
1035.5	0.1187458485
1035	0.1044206545
1034.5	0.08909535407999999
1034	0.07658073306
1033.5	0.06602160633
1033	0.05799099058
1032.5	0.05109823123
1032	0.04611511156
1031.5	0.04041074961
1031	0.03647384048
1030.5	0.03458801284
1030	0.03215512633
1029.5	0.02998666652
1029	0.02965906821
1028.5	0.02840183489
1028	0.02716091461
1027.5	0.02630025335
1027	0.02629795298
1026.5	0.02586198598
1026	0.02365406416
1025.5	0.0260769818
1025	0.02647886798
1024.5	0.02822715603
1024	0.02894196659
1023.5	0.03010700457
1023	0.03137220442
1022.5	0.03415071219
1022	0.03745290264
1021.5	0.04084043205
1021	0.04550674558
1020.5	0.05055660754
1020	0.05518176034
1019.5	0.06479989737
1019	0.07383438945
1018.5	0.08732473105000001
1018	0.09882040322000001
1017.5	0.1146770418
1017	0.1310666353
1016.5	0.1445672959
1016	0.15695557
1015.5	0.1626334637
1015	0.1635513455
1014.5	0.1588792503
1014	0.1490531564
1013.5	0.1373971403
1013	0.1267003268
1012.5	0.1136479676
1012	0.1058139056
1011.5	0.09608593583
1011	0.0889891535
1010.5	0.08324418217
1010	0.07907932997
1009.5	0.07490069419000001
1009	0.07286596298
1008.5	0.07111153752
1008	0.07146713883
1007.5	0.07095758617
1007	0.07193081826
1006.5	0.07488423586
1006	0.07768732309
1005.5	0.07977683842
1005	0.08335077018000001
1004.5	0.0866888389
1004	0.09008722751999999
1003.5	0.09347560257
1003	0.0956171155
1002.5	0.09781605005000001
1002	0.09528879076000001
1001.5	0.09298178554
1001	0.08898710459
1000.5	0.08461932838
1000	0.07822152227
999.5	0.07258085161
999	0.06571672112
998.5	0.06123385951
998	0.05716706067
997.5	0.05267021433
997	0.04821629822
996.5	0.04488291591
996	0.04304791987
995.5	0.04216375947
995	0.03966540843
994.5	0.04003800452
994	0.03842061013
993.5	0.03997763991
993	0.04106517881
992.5	0.04109746218
992	0.04241472483
991.5	0.04509137198
991	0.04862695187
990.5	0.05570756644
990	0.06213254482
989.5	0.07065141201
989	0.08208382875
988.5	0.0961311385
988	0.1131032556
987.5	0.1317416728
987	0.1496843994
986.5	0.158668533
986	0.1579770297
985.5	0.1469043493
985	0.1287077516
984.5	0.1091452911
984	0.09137854725
983.5	0.07412504405000001
983	0.06315449625
982.5	0.05280050263
982	0.04565828666
981.5	0.03808092326
981	0.0354144834
980.5	0.03077336028
980	0.02902443148
979.5	0.02680654824
979	0.02590370178
978.5	0.02522114106
978	0.02447498031
977.5	0.02452397533
977	0.02457348444
976.5	0.02688665316
976	0.02729257941
975.5	0.03101988137
975	0.03494967148
974.5	0.03946908563
974	0.04721724615
973.5	0.05626634881
973	0.07055936754
972.5	0.08718527108
972	0.1055918857
971.5	0.120410569
971	0.1215888411
970.5	0.1088185906
970	0.08926823735
969.5	0.06966135650999999
969	0.05300083011
968.5	0.04165664315
968	0.03148199618
967.5	0.02494784072
967	0.02053477615
966.5	0.01790354215
966	0.01621285826
965.5	0.01190102845
965	0.01070344914
964.5	0.01184465084
964	0.009571056813
963.5	0.009258072823000001
963	0.009128709323999999
962.5	0.008233671077
962	0.009588488378
961.5	0.00802685041
961	0.009495693259
960.5	0.008834470063
960	0.009995048866
959.5	0.009691497311
959	0.009887354447999999
958.5	0.009967975318
958	0.01062257867
957.5	0.01011545956
957	0.009525838308000001
956.5	0.009195830673
956	0.007733214647
955.5	0.007231551223
955	0.006314944942
954.5	0.004389540292
954	0.004555855412
953.5	0.003951433115
953	0.002807961544
952.5	0.002070203191
952	0.002863229485
951.5	0.002319034422
951	0.002402274637
950.5	0.002129270229
950	0.002518524416
949.5	0.0007495243335
949	0.001820813864
948.5	0.0005760449567
948	0.001211359166
947.5	0.0008403835818
947	0.0007011176203
946.5	0.002025370719
946	0.001721518114
945.5	0.00167385675
945	0.002623227891
944.5	0.0014054965
944	0.000488957623
943.5	0.001310126972
943	0.001616584952
942.5	0.002369565191
942	0.002111450071
941.5	0.001890599611
941	0.001253821538
940.5	0.001559606288
940	0.00299813645
939.5	0.002939465689
939	0.003923782613
938.5	0.003203970147
938	0.003628500737
937.5	0.002471594838
937	0.002349157818
936.5	0.002019101288
936	0.003356995527
935.5	0.003198196646
935	0.002397363074
934.5	0.001941088005
934	0.001723968657
933.5	0.001146543073
933	0.000362471299
932.5	0.001374368672
932	0.001043410739
931.5	0.0009296643548
931	0.002063816879
930.5	-0.0001077885026
930	-0.000289006508
929.5	-0.0001801394683
929	0.001066078315
928.5	0.00105779781
928	0.001758688246
927.5	0.0008648481453
927	-0.000410100125
926.5	0.0002872233745
926	0.00122952729
925.5	0.0003599192132
925	0.002003947273
924.5	0.0006977361045
924	0.001875868998
923.5	0.000543760485
923	0.0003509222879
922.5	0.0008882312685999999
922	0.0004814596323
921.5	0.001376671018
921	0.0006677313941
920.5	0.001229685848
920	0.0002355112374
919.5	0.001048607519
919	0.001189569128
918.5	0.001256237039
918	0.001682458562
917.5	0.001474803546
917	0.0004723196616
916.5	0.001746723661
916	0.002308813157
915.5	0.003402972594
915	0.004087761976
914.5	0.005220463965
914	0.007986295036999999
913.5	0.009955575689999999
913	0.01146869175
912.5	0.01190514676
912	0.01003444009
911.5	0.009719557129
911	0.007801492698
910.5	0.008151859976
910	0.007932225241999999
909.5	0.006830172148
909	0.007406826131
908.5	0.008961772546
908	0.009089641273
907.5	0.009355327114
907	0.0109447632
906.5	0.01247343142
906	0.01237624791
905.5	0.01175864134
905	0.009143110365
904.5	0.007417039946
904	0.006206064951
903.5	0.004975865129
903	0.003685002215
902.5	0.003033330897
902	0.002472022548
901.5	0.0008684793138
901	0.00147270388
900.5	0.0009033228853
900	0.000467492413
899.5	0.001312945154
899	0.001560030272
898.5	0.0001802002953
898	0.0005663365591
897.5	0.0003648655838
897	0.001037533861
896.5	0.0002428934677
896	-0.0002264368522
895.5	0.0007136243512
895	0.0006970499526
894.5	0.001811037539
894	0.001381016453
893.5	0.001507150009
893	0.001390643185
892.5	0.0008590462385000001
892	0.001089709927
891.5	0.0003404355666
891	0.001018074458
890.5	0.0009435195243
890	0.001101445523
889.5	0.0004345547641
889	0.0008875927306
888.5	0.0004402765189
888	-2.896095975e-05
887.5	0.0004423991777
887	0.0009819134139000001
886.5	-0.0002810740261
886	0.001731018769
885.5	0.0009231474833
885	0.0008483436541
884.5	0.00036474425
884	0.0003477398132
883.5	0.0009570199181
883	0.0007629040629
882.5	0.0006344437134
882	0.001372936065
881.5	0.002769462066
881	0.001361804083
880.5	0.0009572976269
880	0.001137446845
879.5	0.001558170537
879	0.002141858451
878.5	0.001684703748
878	0.002031263197
877.5	0.002202036325
877	0.001400755951
876.5	0.000757773174
876	0.001365711098
875.5	-0.0004709560599
875	0.0004229183542
874.5	0.00163054897
874	0.001880915486
873.5	0.001201289473
873	0.001289802487
872.5	0.0009496232378
872	0.001386360265
871.5	0.00164223602
871	0.0008843630785
870.5	0.001124471775
870	0.002269423334
869.5	0.0005742568173
869	0.001837828546
868.5	0.0004002254282
868	0.001162496512
867.5	0.001585263293
867	0.001424779301
866.5	0.001159577398
866	0.001929961378
865.5	0.001979240216
865	0.002632351127
864.5	0.001659599715
864	0.003272172296
863.5	0.002174924593
863	0.003069916042
862.5	0.003635028377
862	0.002241224982
861.5	0.003398506669
861	0.003302865662
860.5	0.003811354749
860	0.003372518113
859.5	0.003466951661
859	0.003698184388
858.5	0.003633903572
858	0.003310681786
857.5	0.00420688279
857	0.002915263409
856.5	0.003161007771
856	0.00324260653
855.5	0.002780790441
855	0.005928690545
854.5	0.004945985507
854	0.004517131485
853.5	0.003756116377
853	0.003753227415
852.5	0.003317566123
852	0.003404819407
851.5	0.00241710688
851	0.001664214651
850.5	0.001560034929
850	0.001778918202
849.5	0.00143200811
849	0.001166214701
848.5	0.001246373518
848	0.001376325265
847.5	0.0009092338732
847	0.001141286106
846.5	-3.857702177e-05
846	0.00168072735
845.5	0.000844067079
845	0.001213743235
844.5	0.0004220305418
844	0.001332256827
843.5	0.00155925483
843	0.002445152029
842.5	0.001409722958
842	0.0009554093704
841.5	0.0007667827886
841	0.0004270598292
840.5	0.001083864481
840	0.0003657701309
839.5	0.001829301124
839	0.001270131557
838.5	0.001369031263
838	0.0008207215578
837.5	0.0009080698946
837	0.001873634057
836.5	0.001675212639
836	0.000821661728
835.5	0.001061252668
835	0.0006528699886999999
834.5	0.002026758157
834	0.0009365414152999999
833.5	0.001653718762
833	0.001547171501
832.5	0.0008633186808
832	0.001554711489
831.5	0.001321912045
831	0.001221744227
830.5	0.001951148268
830	0.0002160421427
829.5	0.0004732641974
829	0.001193451812
828.5	0.001185859903
828	0.001608468359
827.5	0.001099184039
827	0.0009053426911
826.5	0.001161362859
826	7.491181168e-05
825.5	9.926340135e-05
825	0.001225381624
824.5	0.00192049914
824	0.001229268382
823.5	0.002346201567
823	0.0009860745631
822.5	0.0002885323192
822	0.0005865799612
821.5	0.0007429872639
821	0.0009276808705000001
820.5	0.001784952474
820	0.00257896143
819.5	0.0007059671334
819	0.002545095515
818.5	0.002185480436
818	0.002068570117
817.5	0.00180232164
817	0.002352017676
816.5	0.001826212974
816	0.002039508661
815.5	0.002022740431
815	0.002587849274
814.5	0.002518879483
814	0.001409944845
813.5	0.002385819331
813	0.003378949361
812.5	0.002785139717
812	0.002453303663
811.5	0.002516092267
811	0.002249028301
810.5	0.002667332767
810	0.003536422038
809.5	0.002872427925
809	0.003839426441
808.5	0.00324269454
808	0.003240380436
807.5	0.003936666995
807	0.004340713844
806.5	0.00494686747
806	0.003415842075
805.5	0.002945310436
805	0.002656844212
804.5	0.002439443255
804	0.001368583995
803.5	0.002123214304
803	0.001355618238
802.5	0.0011185162
802	-4.274091771e-05
801.5	0.002054809127
801	0.0007556524943
800.5	0.001735068858
800	0.001214731368
799.5	4.550657468e-05
799	0.0003762720444
798.5	-0.0001993889746
798	0.0002687776287
797.5	0.0002466937003
797	0.0002585899201
796.5	0.0002023908746
796	0.0002665019711
795.5	0.000348966103
795	0.0005806096597
794.5	0.0001659323025
794	0.0004282543669
793.5	0.0002226135839
793	3.807199028e-05
792.5	0.0005474780919
792	0.000107041873
791.5	0.0003198420745
791	0.0005875395727
790.5	0.0003903561155
790	0.0003692543833
789.5	0.0004478427873
789	-4.401061597e-05
788.5	0.0001189849063
788	-6.000406211e-05
787.5	-0.0001745493355
787	0.0002478852111
786.5	0.0002187262289
786	0.0002280096815
785.5	0.0002656146535
785	0.0001893159206
784.5	0.0002020604588
784	0.0004420737678
783.5	0.0003254978801
783	8.105947927e-05
782.5	7.164190174e-05
782	-0.0002146265324
781.5	-6.462479359e-05
781	9.561206389e-05
780.5	-0.0004193944333
780	0.0002085463202
779.5	-5.860936653e-05
779	0.0001652844367
778.5	0.0002069158363
778	-0.0001960626541
777.5	0.000251631951
777	-0.0004314398684
776.5	0.0001771149982
776	0.0004479367344
775.5	0.0001030472922
775	0.0003869395296
774.5	2.925186163e-05
774	0.0001062461961
773.5	0.000221778464
773	0.000133864407
772.5	-9.875779142e-06
772	0.0004407026572
771.5	5.76318489e-05
771	0.000710946857
770.5	0.0001055323301
770	0.0002231890394
769.5	0.0003386122989
769	0.0003162794746
768.5	-0.0001609944447
768	0.0005488625611
767.5	0.0004814695858
767	0.0005462434492
766.5	-2.073519227e-06
766	0.0001564221457
765.5	0.0001006991952
765	0.0003791641211
764.5	0.0002413993061
764	-0.0001502625237
763.5	0.0005895654322
763	0.0001258236298
762.5	0.0001916284673
762	0.000325451314
761.5	0.000148336796
761	-8.448646986000001e-05
760.5	0.0001676768588
760	0.0001136964638
759.5	0.0001368051308
759	-0.0001275781542
758.5	4.364014967e-05
758	0.0004160268873
757.5	-0.0002498123504
757	0.0001201457053
756.5	0.0002803369134
756	0.0001842302008
755.5	0.0007195078069
755	0.0005228226655
754.5	0.001094981213
754	0.001481700921
753.5	0.002035815036
753	0.002707327018
752.5	0.003657294903
752	0.004338972736
751.5	0.004979511723
751	0.004700173158
750.5	0.004622861743
750	0.004278320353
749.5	0.003237440949
749	0.003095932072
748.5	0.002522946103
748	0.002462429227
747.5	0.002561722649
747	0.002469189698
746.5	0.002844731323
746	0.002762200776
745.5	0.003498902777
745	0.003761601401
744.5	0.004108198918
744	0.004282112233
743.5	0.004316909239
743	0.003681899048
742.5	0.003291208763
742	0.002418207703
741.5	0.002014911268
741	0.001525493688
740.5	0.001238273922
740	0.0009905197658000001
739.5	0.000957629818
739	0.0008912740741
738.5	0.0008453228511
738	0.0007729742792
737.5	0.000691720983
737	0.0007240407867
736.5	0.000701858371
736	0.0003935246204
735.5	0.0004069381393
735	0.0005480758264000001
734.5	0.0004935997422
734	0.0005683193449
733.5	0.0009277779027
733	0.0005962972064
732.5	0.000685886771
732	0.0005884938873
731.5	0.000593843637
731	0.0007480877684
730.5	0.0006904206239
730	0.001000281889
729.5	0.0005999379791
729	0.0009918941651
728.5	0.001165227615
728	0.00140135386
727.5	0.0020034716
727	0.002138071461
726.5	0.002057371428
726	0.002077237004
725.5	0.002081787214
725	0.001653894433
724.5	0.001547922846
724	0.001442072098
723.5	0.001363266725
723	0.001162078348
722.5	0.0009554588469
722	0.001453598961
721.5	0.0011252861
721	0.0008233542903
720.5	0.0007869628607
720	0.0006771914195
719.5	0.0005633800174
719	0.0005618442664999999
718.5	0.0006094322889
718	0.0002827529097
717.5	0.0004249181075
717	0.0005839368096
716.5	0.0002519137633
716	0.000184191711
715.5	0.0002301670465
715	7.174019265e-05
714.5	-1.362937928e-05
714	0.0003272732138
713.5	0.0001620060357
713	0.0002016034123
712.5	0.0002490581246
712	-0.0001530199661
711.5	0.0002909362956
711	0.0001918733033
710.5	0.0005305172526
710	-9.084716294e-05
709.5	0.0003294504713
709	0.0004383137275
708.5	0.0002818834619
708	0.0007821989129
707.5	0.0004867301323
707	6.469790969e-05
706.5	0.0004156236246
706	0.00047378827
705.5	0.0003805817396
705	-3.357068999e-05
704.5	0.000375341886
704	0.0002888549352
703.5	3.007187479e-05
703	0.0004530219012
702.5	0.0002869507298
702	0.0004236076493
701.5	-4.868435281e-05
701	0.0003022426099
700.5	0.0003006736224
700	7.566402928e-05
699.5	8.420545781999999e-05
699	3.176958126e-05
698.5	-0.0002306601818
698	-5.532443902e-05
697.5	0.0002445027931
697	-2.189609222e-05
696.5	3.268453611e-06
696	0.0003897993884
695.5	6.633985322e-05
695	0.0002390964219
694.5	0.0003213314631
694	0.0002051275078
693.5	0.0002971183858
693	0.0003492322285
692.5	0.0002333056764
692	-1.374049248e-06
691.5	0.0003424759198
691	0.0003433428938
690.5	0.0003029398795
690	5.223511107e-05
689.5	0.0004464896338
689	-2.952995965e-05
688.5	0.0002813999308
688	0.0003086501965
687.5	7.608978194e-05
687	-0.0001521029481
686.5	-0.0001062264928
686	-0.0001548923901
685.5	0.0001723373571
685	0.0004370156676
684.5	0.0001807224908
684	6.340795517e-05
683.5	0.000141936689
683	-0.0002915143559
682.5	-5.736260937e-05
682	-1.182081178e-05
681.5	-7.749896031e-05
681	0.0003100591712
680.5	0.0002032472985
680	0.000113916416
679.5	0.0002426264691
679	0.0001548107248
678.5	0.0002361308434
678	0.0006049469812
677.5	0.0003925247292
677	0.0004902962828
676.5	0.0004087600682
676	0.0003669256694
675.5	0.0001481589425
675	-0.0001238071854
674.5	7.779205043e-05
674	-7.82279385e-05
673.5	0.0001269898639
673	0.0002662551415
672.5	6.84097904e-05
672	0.0005298021715
671.5	0.0001578721422
671	0.0003056060814
670.5	6.188169936999999e-05
670	6.684503023e-05
669.5	5.525221786e-05
669	0.0001467486436
668.5	0.0001163301931
668	0.0003794680524
667.5	7.800260209e-05
667	0.0001786750072
666.5	0.0001257281838
666	0.0001591248583
665.5	0.0001127954529
665	0.0001454437879
664.5	0.0002868154843
664	0.0001931134175
663.5	0.0003996657615
663	-3.907011705e-05
662.5	6.573395513e-05
662	0.0004300741712
661.5	0.0005845712731
661	0.0006989972899
660.5	0.0007338602445
660	0.0003254423791
659.5	0.0007784981863
659	0.0003280188248
658.5	0.0002166572813
658	0.0005538463593
657.5	5.105037053e-05
657	0.0002200061135
656.5	1.496132086e-06
656	-1.92250136e-05
655.5	-0.0001681217254
655	-4.4451539e-05
654.5	0.0001150153694
654	0.000385146006
653.5	0.0003723357222
653	0.0003386093886
652.5	0.0001757643913
652	0.0005066788872
651.5	-4.453072688e-05
651	-0.0002479588438
650.5	-0.0003897520364
650	-5.266147855e-05
649.5	-0.0002342720109
649	0.0001877176692
648.5	0.0001623016287
648	-4.546704804e-05
647.5	0.000133233043
647	0.0001164522619
646.5	0.0002567540505
646	0.0003909269581
645.5	0.0001279607823
645	0.0003032504464
644.5	0.0006436476251
644	0.0009151321137
643.5	0.001022111741
643	0.0008067429881
642.5	0.0009426090401
642	0.000530555204
641.5	8.626324416e-05
641	0.0003272113681
640.5	0.0001268335182
640	-0.0001674302184
639.5	-2.105871681e-05
639	0.0001548009168
638.5	0.0002342058724
638	0.0003250589943
637.5	7.545210974e-05
637	0.0001273644157
636.5	0.0001049708881
636	0.0003297333606
635.5	0.0003279007797
635	7.820780593e-05
634.5	0.000350041053
634	0.0002775879693
633.5	9.744751151e-05
633	0.0002089964983
632.5	0.0002318153274
632	-2.164414764e-05
631.5	-0.0002571752993
631	7.425378135e-05
630.5	0.0001073616659
630	-2.959903395e-05
629.5	0.0003377560352
629	0.0001569645683
628.5	0.0004526792618
628	0.0004010708362
627.5	3.825436215e-05
627	0.0003447159252
626.5	0.000170541738
626	-0.0001248663611
625.5	5.693684579e-05
625	-0.0001558116637
624.5	0.0002880803659
624	-0.000131982888
623.5	-0.0001374877611
623	-0.0001390812104
622.5	9.497064457e-05
622	-0.0001687060721
621.5	0.0002453545458
621	0.0004113820032
620.5	0.0002662919869
620	0.0003155665472
619.5	-8.760115452e-05
619	0.00065378414
618.5	0.0004313258105
618	0.000419699878
617.5	0.0003674127511
617	0.0002261274785
616.5	0.0001131643585
616	-4.31965891e-05
615.5	0.0001794747077
615	0.0003451200319
614.5	9.713170584e-05
614	0.0001400853507
613.5	-7.094876491e-05
613	2.202807627e-05
612.5	0.0004410087422
612	0.0002362494997
611.5	0.0003377008252
611	0.0001653415093
610.5	0.0003022503224
610	0.0002811089798
609.5	-4.261645756e-07
609	0.0003767278686
608.5	0.0001938904461
608	0.0001235650998
607.5	-0.0001222336286
607	-0.0001572591427
606.5	-4.816439287e-06
606	3.29651084e-05
605.5	-0.0001656418026
605	-0.0001487017726
604.5	-7.614013157e-05
604	4.761949822e-05
603.5	-0.0001249796478
603	-7.786139031e-05
602.5	0.0001973066828
602	8.704292121999999e-05
601.5	7.380134775e-05
601	0.0001895973255
600.5	0.0003729104355
600	-3.420072244e-05
599.5	0.0004577717918
599	0.0001323546167
598.5	-0.0001653377403
598	-0.0001088274075
597.5	-0.0002320662315
597	-0.0001661748101
596.5	-0.0001688584161
596	2.06753175e-05
595.5	-3.564846565e-06
595	0.0002767399128
594.5	0.000287448609
594	3.472984463e-05
593.5	0.0001523934625
593	-0.0005412441678
592.5	-0.0002909927862
592	-0.0002003643895
591.5	0.0001542020764
591	-0.0001625907025
590.5	-0.0004153488262
590	-0.000292395358
589.5	-0.0005054652574
589	-0.0004183927667
588.5	-0.0003888135252
588	-0.0002821199014
587.5	-0.0003133738355
587	-0.0001330411324
586.5	0.0002344075474
586	-0.000332937896
585.5	-0.000140895092
585	6.257209316e-05
584.5	-0.0001029979758
584	-3.642234151e-05
583.5	-8.312158752e-05
583	0.0001330597152
582.5	0.0001069083883
582	-0.0001139751039
581.5	-7.789198571e-05
581	-0.0001712839876
580.5	-0.0002544456511
580	-9.448068886e-05
579.5	-0.000329692004
579	-0.0002968601766
578.5	0.0001137042782
578	0.0003473738907
577.5	0.0002489418257
577	-1.298003372e-05
576.5	0.0001243189909
576	0.0003059907467
575.5	0.0003483465989
575	0.0003039314761
574.5	-0.0001914271998
574	0.0002442916739
573.5	-0.0001028471379
573	-4.56513626e-05
572.5	-8.079990221e-05
572	-0.000171515916
571.5	0.0003704250266
571	8.98488679e-07
570.5	0.0003244015097
570	0.0003459805448
569.5	-7.395385182e-05
569	0.0002338681516
568.5	0.0002263459028
568	-1.351750689e-05
567.5	0.000210452883
567	0.0001454855519
566.5	0.0002382584644
566	0.0001148454685
565.5	6.665451656e-05
565	0.0004488707345
564.5	-8.802313096e-05
564	0.0002756719477
563.5	-8.514695946e-05
563	0.0001576450741
562.5	0.0002309117262
562	0.0001165217109
561.5	0.0005315023590999999
561	0.0003260575177
560.5	0.0004219370021
560	0.0004224017612
559.5	0.000665237545
559	0.000313002005
558.5	0.0002543047303
558	0.0001687219046
557.5	-7.965131954e-05
557	-0.0003003943712
556.5	7.605016435e-05
556	-0.0002791021543
555.5	1.062851152e-05
555	-0.0001451895805
554.5	-0.0002609237272
554	-0.0002710545086
553.5	0.0001055168032
553	-1.504055672e-05
552.5	0.00025550602
552	0.0002785311663
551.5	0.0003310578468
551	0.0003479982552
550.5	0.0001002135468
550	-7.017989992e-05
549.5	0.0001979666413
549	-4.338653525e-05
548.5	-3.643218588e-05
548	6.956265861e-05
547.5	-0.0003028702049
547	-0.0002003856935
546.5	-0.0001345333731
546	-0.0001811419352
545.5	0.0001425343216
545	0.0001277900883
544.5	0.0001821617334
544	0.0004564239644
543.5	0.0005684215575
543	5.949348269e-05
542.5	-0.0001214817166
542	-0.0001302538585
541.5	0.0001284420141
541	-8.475878712e-05
540.5	-6.156787549e-06
540	-9.693359607e-05
539.5	-1.248643002e-05
539	0.0001902701188
538.5	-0.0001316718844
538	-0.0003883741447
537.5	-0.0001628833124
537	0.0001717925916
536.5	-6.713677431e-05
536	0.0003755294601
535.5	-0.0002222242038
535	9.235387552000001e-05
534.5	8.281878399e-05
534	7.211026968e-05
533.5	5.988110934e-05
533	-0.0003825235472
532.5	-4.083559907e-05
532	-0.0002595448459
531.5	-0.0002597698476
531	-0.0006884550094
530.5	-0.0002107404434
530	-4.782337419e-05
529.5	0.0002378938079
529	5.147927004e-05
528.5	0.0001774215925
528	9.462649905e-05
527.5	0.0001763629843
527	0.0002936623641
526.5	0.0001471563592
526	0.0001611380139
525.5	0.000423833204
525	-9.264053369e-05
524.5	0.0001276078983
524	-0.0001632611384
523.5	-0.0002538707922
523	-4.818509115e-05
522.5	-0.000261391775
522	-0.000326183188
521.5	-0.0003029349027
521	-0.0001519577199
520.5	9.223750385e-05
520	0.0001475356112
519.5	-8.935311598e-06
519	0.0004514481698
518.5	0.0002070720657
518	9.11538591e-05
517.5	0.0001732369856
517	-0.0003677371133
516.5	-7.301146252e-05
516	-0.0002605833288
515.5	-0.0005240908358
515	-0.0004448333057
514.5	-0.0003040529555
514	-0.0002763392986
513.5	-0.0003523643245
513	-0.0002196288988
512.5	-0.0004466411483
512	-0.0004956788616000001
511.5	-0.0004405127547
511	-1.432721911e-05
510.5	-0.0001498550555
510	0.0002201767929
509.5	0.0003071263491
509	0.0004866234085
508.5	2.345715757e-06
508	-9.589703950000001e-06
507.5	0.000335786317
507	0.0001165475769
506.5	0.0001150918615
506	1.849998262e-05
505.5	-1.890852946e-05
505	0.0001549419685
504.5	-0.0001029918058
504	0.0001740975858
503.5	0.0001791316317
503	0.0003179693886
502.5	-0.0001220664708
502	0.0003516094584
501.5	0.0007562650135000001
501	0.000226027958
500.5	0.000278746913
500	0.0003469861113
499.5	9.173063881000001e-05
499	0.0001099318179
498.5	-1.168724793e-05
498	1.166854236e-05
497.5	-8.062181587e-05
497	-0.0002908279712
496.5	-0.0001937201596
496	-8.988625632e-05
495.5	-0.0001475478639
495	-8.531098865e-05
494.5	-3.574390212e-05
494	0.0002838256478
493.5	5.956216046e-05
493	0.0001821436163
492.5	0.0003062856558
492	4.570415331e-05
491.5	-6.132770795000001e-05
491	-0.0002606795751
490.5	-0.0002686520747
490	-0.0005303640501
489.5	-0.0004285445029
489	-0.0004554798652
488.5	-0.0003037244023
488	-0.0004548837896
487.5	-0.0002676742733
487	0.0001874416339
486.5	0.0002843794064
486	-5.36536827e-05
485.5	0.0004667133035
485	-0.0001149924283
484.5	0.0001575798087
484	-7.413105777e-05
483.5	-9.761424735e-05
483	-7.510059368e-05
482.5	-0.0001605147263
482	-0.0001597309747
481.5	-0.0001627631864
481	-0.0003385142772
480.5	-0.0002700527548
480	-0.0001749614748
479.5	7.695750537e-05
479	0.000282786903
478.5	2.184752157e-05
478	-0.000120774188
477.5	0.000138266405
477	1.832728231e-05
476.5	0.0001070816434
476	0.0001869795669
475.5	1.485258417e-05
475	7.978796930000001e-05
474.5	0.0002050855692
474	2.514577136e-05
473.5	-0.0002913181961
473	-0.0005023885751000001
472.5	-7.395913416999999e-05
472	-0.000532957667
471.5	-0.0003809123882
471	-0.0004217112728
470.5	-8.008884470000001e-05
470	-0.0003149500699
469.5	-0.0004023049842
469	0.000348454807
468.5	6.013398161e-05
468	-0.0001269301283
467.5	-0.0001038789269
467	1.058629823e-05
466.5	-8.166498446000001e-05
466	-0.0001071603838
465.5	0.0001398715249
465	0.0001661292772
464.5	5.243256237e-05
464	0.0001388794626
463.5	0.0003237425408
463	0.0002321319917
462.5	0.0002381278318
462	4.586702744e-06
461.5	0.0002653654956
461	-5.075112858e-05
460.5	0.000192768377
460	0.0002262782073
459.5	0.0002761713404
459	0.0002445437131
458.5	8.367644476999999e-05
458	0.0001765751804
457.5	3.781692794e-05
457	0.0004389433307
456.5	0.0003769874456
456	0.0007890661363
455.5	0.00135118945
455	0.002732576337
454.5	0.00702511007
454	0.0186340753
453.5	0.06111592427
453	0.2194233686
452.5	0.9642139077
452	5.06363821
451.5	21.43200493
451	52.46695328
450.5	78.64976501
450	88.79663085999999
449.5	90.75144195999999
449	92.27048492
448.5	93.59254455999999
448	94.37845612
447.5	94.91020966000001
447	95.30777740000001
446.5	95.56393433
446	95.62473297
445.5	95.39785003999999
445	94.99529266
444.5	94.63948822
444	94.63516998
443.5	94.98149109000001
443	95.47210693
442.5	95.71252441
442	95.62820435
441.5	95.28057861000001
441	95.00736237
440.5	94.94841003000001
440	95.12325287
439.5	95.32779694
439	95.43737793
438.5	95.48017883
438	95.59063721
437.5	95.84194183
437	96.10845184
436.5	96.31506348000001
436	96.34263611
435.5	96.23392487
435	96.09959412000001
434.5	95.90224456999999
434	95.74898528999999
433.5	95.7263031
433	95.9071579
432.5	96.13288879
432	96.24282074
431.5	96.07623291
431	95.59738159
430.5	95.03752899
430	94.7038269
429.5	94.81282043
429	95.32278442
428.5	95.99385071
428	96.26173401
427.5	95.90105438000001
427	95.21722412
426.5	94.77574921
426	94.85932922000001
425.5	95.10865020999999
425	94.90981293
424.5	94.42926788
424	91.18588257
423.5	73.69943237
423	41.31447983
422.5	13.47528839
422	2.419740438
421.5	0.4008808136
421	0.08140642940999999
420.5	0.01892353781
420	0.004981820006
419.5	0.001614320674
419	0.0007422397612
418.5	0.0001685969182
418	0.0006925661
417.5	0.0004771064559
417	0.0003414208477
416.5	9.167926328e-05
416	0.0001436651655
415.5	4.806528887e-05
415	0.0001840925106
414.5	9.680436779e-05
414	9.214644706e-06
413.5	-0.0002768108097
413	-0.0003256294294
412.5	0.0001679477282
412	-0.0001846128434
411.5	-7.377726432999999e-05
411	0.000230836391
410.5	-5.432442049e-05
410	0.0002358604688
409.5	-0.0001062636802
409	-2.37087761e-06
408.5	-0.0005251849652
408	-0.0001050450592
407.5	2.427995605e-05
407	-0.0006853669183
406.5	-0.0003003012098
406	-0.0002123497106
405.5	-0.0003498116857
405	-0.0004401972401
404.5	-0.0004010153061
404	-0.000202316689
403.5	-0.0001264100283
403	-0.0001089961734
402.5	-0.0003971047117
402	-0.0005321202334
401.5	0.0002186749334
401	0.0004767830542
400.5	1.797267942e-05
400	-1.446045553e-05
399.5	0.0003185049572
399	0.0002119855053
398.5	-0.0002883571724
398	8.46615003e-05
397.5	0.0001596020593
397	-0.000270270888
396.5	-9.06719506e-05
396	3.876145638e-05
395.5	-9.634022717e-06
395	6.930113886e-05
394.5	-0.0001251889771
394	2.300661981e-05
393.5	1.66347254e-05
393	0.000294896483
392.5	0.0004483546945
392	0.0001191000629
391.5	0.0003724608978
391	0.000368152163
390.5	-2.475333713e-05
390	0.0003774757206
389.5	-2.386412962e-05
389	-0.0001678971603
388.5	-0.0004256000975
388	-0.0004931725562
387.5	-7.860598998000001e-05
387	-0.0003322980483
386.5	-9.342171688e-05
386	-1.302130931e-05
385.5	-0.0002095029922
385	0.0001364826458
384.5	-0.0003615455935
384	-7.98852634e-05
383.5	-0.0001156577273
383	-0.0002966042957
382.5	-0.0004850292462
382	-0.0003630050342
381.5	-0.0006731866742
381	-0.0005419044755
380.5	-0.0005693045096
380	-0.0004240192065
379.5	-0.0002364984102
379	-2.515790584e-05
378.5	1.740727384e-06
378	-0.0001574656781
377.5	-6.838783156e-05
377	0.000249597826
376.5	8.139474812e-05
376	-9.80870027e-05
375.5	0.0002210557868
375	-0.0001354364067
374.5	0.0001921010553
374	-2.144987229e-05
373.5	3.232500603e-05
373	-0.0001415695879
372.5	-0.0003046239435
372	7.564182306e-05
371.5	-0.0004225664306
371	-9.351508925e-05
370.5	-4.93283369e-05
370	3.805097003e-05
369.5	-1.674795931e-05
369	0.0002424168051
368.5	2.629939991e-05
368	4.055801401e-05
367.5	-2.861521352e-05
367	-1.731263524e-06
366.5	7.814011042e-05
366	0.0004832554259
365.5	-4.220988558e-05
365	-0.0001924805692
364.5	0.0001776761637
364	0.0001541462407
363.5	-0.0003392223152
363	2.115273855e-05
362.5	0.0002198171132
362	0.0004460563941
361.5	-0.0001443597575
361	5.309456537e-05
360.5	0.0001490582072
360	0.0003934078559
359.5	0.0002185361664
359	-2.967737782e-05
358.5	0.0002752740693
358	0.000585541944
357.5	0.0001756184502
357	-5.427419819e-05
356.5	0.0002307902178
356	0.0003680026857
355.5	0.000276427163
355	-6.873962411e-05
354.5	-1.155395421e-05
354	-8.261092444e-05
353.5	-0.0001596939255
353	2.124455568e-05
352.5	-9.529996896e-05
352	-7.705895405000001e-05
351.5	-0.0001656932145
351	0.000112112546
350.5	0.0001244017185
350	0.0002128857013
349.5	0.0002260053006
349	0.0005530563649
348.5	4.771334716e-05
348	0.0003178277984
347.5	3.412014121e-05
347	0.0003427192569
346.5	3.31855008e-05
346	3.978017048e-05
345.5	-9.600541671e-05
345	-0.0002702719066
344.5	1.695695391e-05
344	0.0001752338867
343.5	-0.0003016158589
343	-7.960518997e-05
342.5	-8.839748625e-05
342	0.0002731637796
341.5	-1.128301483e-05
341	0.0005137952394
340.5	-0.0002673947311
340	0.0007710811333
339.5	6.700473023e-05
339	4.68587059e-05
338.5	0.0004956824705
338	0.0001844809158
337.5	0.0001248801418
337	-0.0001539029035
336.5	-0.0002430610912
336	-0.000226623597
335.5	0.0001270349312
335	-4.652697316e-05
334.5	0.0005323605146
334	-0.0005751538556
333.5	0.0008305810043
333	0.0003511766845
332.5	6.264178955e-05
332	0.0009401475545
331.5	0.0006203653173999999
331	0.0006127479719
330.5	0.0006954834098
330	0.0003831306531
329.5	-6.137655873e-05
329	-0.0001252327784
328.5	0.0002367233537
328	0.0006184758386
327.5	0.0006101623876
327	5.788062845e-05
326.5	0.0004452974827
326	-0.0002110277564
325.5	0.0003845328174
325	6.135763396999999e-05
324.5	0.0001145373608
324	-7.050981367e-05
323.5	5.384664291e-06
323	-0.0002205928758
322.5	0.0001988680015
322	-0.0003211682197
321.5	0.0001090909354
321	-0.0003188933188
320.5	0.0001992564357
320	-0.0001835665753
319.5	0.0001309615909
319	-0.0001817437151
318.5	-1.775814053e-05
318	3.791267227e-05
317.5	-0.0002199226583
317	0.0002659031597
316.5	4.329451622e-05
316	0.0004642774875
315.5	0.0001362702606
315	-0.0003591989807
314.5	-0.0002057889506
314	2.50865869e-05
313.5	0.0001625397272
313	0.0005424604751
312.5	-0.0002630859381
312	0.0002266443043
311.5	0.0001817642624
311	0.000251726713
310.5	-0.0003293049522
310	0.0001125678536
309.5	0.0003149228578
309	-0.0002843209659
308.5	0.0001476036414
308	0.0003454596153
307.5	0.0005442233523
307	0.0005088676116
306.5	0.0004264017334
306	0.0005115196691
305.5	0.0001567408908
305	0.0003117468732
304.5	7.030474808e-05
304	0.0002111025387
303.5	0.0005657813163
303	0.0003402173752
302.5	0.0005124161835
302	-3.022649435e-05
301.5	0.000240615278
301	0.0004887983086999999
300.5	0.0004864959919
300	0.0004465079983
299.5	-0.0002879601379
299	-4.857105887e-05
298.5	0.0002159017022
298	0.0003643400851
297.5	-0.0001576630602
297	0.000278557447
296.5	0.0002164771577
296	0.0002429968154
295.5	-0.0001079834328
295	0.000188663078
294.5	-0.0004980757949
294	0.0001097297281
293.5	-6.372379721e-05
293	-0.0001018823605
292.5	0.0001279946737
292	0.0001135017301
291.5	0.0002870750322
291	0.0003244221443
290.5	0.0002866851282
290	0.0001620116236
289.5	0.0006468931097
289	-1.996055653e-05
288.5	0.0002029293682
288	0.0001523478131
287.5	7.801123866e-05
287	0.0002002043184
286.5	-0.000311374024
286	-0.0002783850068
285.5	5.41456975e-05
285	-0.0001541980455
284.5	-0.0004701510479
284	-0.0001291716471
283.5	-7.330122753e-05
283	-0.0001022403376
282.5	-0.0002916395897
282	-9.355923248e-05
281.5	-7.856614684e-05
281	0.0001116453495
280.5	0.0002048749884
280	-0.0001651844796
279.5	-0.0001367154473
279	-7.596983050000001e-05
278.5	9.506083006e-05
278	7.054379967e-05
277.5	-0.00010969508
277	-0.0002531304199
276.5	-9.930954548e-05
276	-0.0002689283574
275.5	-0.0001131116369
275	-0.0002251754922
274.5	4.706765685e-05
274	0.0002792311134
273.5	-2.695365947e-05
273	0.0002885292633
272.5	0.0002952709037
272	1.519663056e-05
271.5	0.0003837578697
271	0.0003997575259
270.5	0.0001079101057
270	-3.779847975e-05
269.5	7.014274160999999e-05
269	0.0003093383275
268.5	-0.0003218303027
268	2.194731132e-05
267.5	0.0002198737056
267	0.0001519364596
266.5	0.0001002508943
266	5.417541615e-05
265.5	8.608818462e-05
265	0.000131057066
264.5	0.0001821390179
264	-4.876908497e-05
263.5	-4.907480616e-05
263	-0.000134905873
262.5	-7.155576168e-05
262	0.0001063908276
261.5	0.0001057876507
261	-4.107012501e-06
260.5	-0.0002684763458
260	0.0002184175828
259.5	-0.0001302016608
259	-9.992302512000001e-05
258.5	-9.695350309e-05
258	-0.0001932124578
257.5	-5.600969234e-05
257	0.0001117448701
256.5	0.0001900197094
256	0.0003072686959
255.5	9.159514593e-05
255	0.0005334003945
254.5	0.0005384259857
254	2.997881893e-05
253.5	0.0002537017572
253	2.434248017e-05
252.5	-0.0001493155723
252	-0.0002153579117
251.5	0.0002770528663
251	-0.0005469209282
250.5	0.0001149701493
250	-0.0002039957326
249.5	0.0001586126746
249	3.429512435e-05
248.5	0.0003175175225
248	0.0003458867723
247.5	2.998720265e-05
247	0.0003231820883
246.5	0.0001138770895
246	4.476957838e-05
245.5	7.78043468e-05
245	8.127792535e-05
244.5	-0.0001530309819
244	-0.0001310952503
243.5	-0.0002910548646
243	5.524545486e-05
242.5	0.0003461744927
242	0.0001949312427
241.5	-9.052997484e-05
241	-8.433823496e-06
240.5	-8.267870726e-06
240	8.397830969999999e-05
239.5	-1.380820413e-05
239	-8.353697922e-05
238.5	0.0001951239974
238	-0.0002060660336
237.5	0.0001401302288
237	-1.800495738e-05
236.5	4.359432569e-05
236	0.0001249608322
235.5	-1.715016151e-05
235	-0.0001938570203
234.5	-0.0002843374095
234	-0.0001979744848
233.5	-0.0002589836658
233	-0.0003563014616
232.5	-7.409056707e-05
232	0.000123659207
231.5	0.0001798811863
231	2.861033863e-05
230.5	0.0002357023914
230	5.99933519e-05
229.5	0.0001628132013
229	0.0001397943997
228.5	0.0001198861792
228	5.618255091e-05
227.5	-0.0001594689529
227	-0.0003887284838
226.5	-0.0001879527117
226	9.354842769e-05
225.5	0.0003088894009
225	0.0001292707602
224.5	0.0005112893996
224	0.0002574720711
223.5	0.0003337902017
223	0.0003475568665
222.5	0.000346995279
222	0.0002010616008
221.5	6.591788406e-05
221	-3.254908734e-05
220.5	-0.0001914956956
220	0.0002272642014
219.5	-0.0002281275811
219	-0.0002269726538
218.5	4.413780698e-05
218	-0.0003703996481
217.5	6.225096149e-05
217	0.0001289736683
216.5	-0.0003510767128
216	2.417968608e-05
215.5	-0.0001945393451
215	9.85460938e-05
214.5	-6.772278721e-05
214	-7.574740448e-05
213.5	5.887366569e-05
213	7.292225927999999e-05
212.5	0.0001686202013
212	0.0001246746979
211.5	0.0002306934039
211	-4.711985457e-05
210.5	6.179552292e-05
210	-5.75119775e-05
209.5	1.957565473e-05
209	-5.198402141e-05
208.5	0.0001393809944
208	-4.832962077e-05
207.5	0.0001115612904
207	-0.0001453397563
206.5	2.289817166e-05
206	2.416638154e-06
205.5	0.0004834489955
205	0.000499799673
204.5	4.518745118e-05
204	8.836704365e-05
203.5	-0.0002497935493
203	-0.0003143973881
202.5	6.752512127e-05
202	-0.0001558597141
201.5	-7.78926551e-05
201	-9.013558156e-05
200.5	-0.000553086109
200	0.001254223404
