wl	%T
200.0	3.0746e-06
200.2	7.9384e-06
200.4	4.6182e-07
200.6	1.5628e-05
200.8	1.0e-07
201.0	1.0e-07
201.2	1.0716e-05
201.4	4.5584e-06
201.6	1.8236e-07
201.8	1.0e-07
202.0	1.9592e-06
202.2	1.2565e-06
202.4	1.0e-07
202.6	3.6533e-06
202.8	1.1717e-06
203.0	6.5565e-06
203.2	2.4136e-06
203.4	4.0076e-07
203.6	1.0e-07
203.8	1.0e-07
204.0	1.0e-07
204.2	1.0e-07
204.4	2.2541e-06
204.6	3.2877e-07
204.8	6.8371e-06
205.0	1.2088e-06
205.2	1.0e-07
205.4	4.1444e-06
205.6	1.2921e-05
205.8	1.5519e-05
206.0	1.0e-07
206.2	1.0e-07
206.4	1.3364e-06
206.6	3.9869e-06
206.8	8.1164e-07
207.0	1.9812e-06
207.2	5.7513e-06
207.4	8.8608e-07
207.6	1.0e-07
207.8	3.77e-06
208.0	1.1277e-06
208.2	8.5913e-07
208.4	1.0837e-05
208.6	1.0e-07
208.8	1.0e-07
209.0	1.0e-07
209.2	4.1686e-07
209.4	4.9551e-06
209.6	8.8552e-08
209.8	3.5927e-07
210.0	5.0617e-06
210.2	7.8126e-06
210.4	1.5617e-06
210.6	1.0291e-06
210.8	1.1207e-06
211.0	1.6535e-06
211.2	4.4673e-07
211.4	1.0e-07
211.6	1.3208e-06
211.8	1.0e-07
212.0	1.0e-07
212.2	3.8124e-06
212.4	3.0274e-06
212.6	3.3959e-06
212.8	6.3502e-07
213.0	1.0e-07
213.2	1.0e-07
213.4	1.5448e-07
213.6	1.5448e-07
213.8	1.0e-07
214.0	1.0e-07
214.2	1.0e-07
214.4	3.4674e-06
214.6	6.6599e-07
214.8	2.2708e-07
215.0	3.0292e-07
215.2	1.5927e-07
215.4	1.9301e-06
215.6	1.3794e-06
215.8	3.1119e-06
216.0	4.7179e-07
216.2	2.8202e-06
216.4	1.2158e-06
216.6	2.3796e-07
216.8	8.4816e-07
217.0	1.0e-07
217.2	8.5078e-07
217.4	6.7491e-07
217.6	1.6561e-06
217.8	2.6397e-07
218.0	2.3757e-07
218.2	9.0023e-07
218.4	1.7327e-07
218.6	1.3443e-06
218.8	8.0946e-07
219.0	1.5838e-07
219.2	1.0e-07
219.4	1.4659e-06
219.6	1.5214e-06
219.8	2.2773e-08
220.0	1.0e-07
220.2	1.0e-07
220.4	1.0249e-06
220.6	8.9134e-07
220.8	1.6702e-07
221.0	4.569e-08
221.2	1.6371e-06
221.4	1.6531e-06
221.6	5.0221e-06
221.8	2.5867e-06
222.0	1.9897e-07
222.2	9.2956e-07
222.4	1.0e-07
222.6	4.8392e-07
222.8	1.768e-06
223.0	1.0e-07
223.2	8.6448e-08
223.4	1.0e-07
223.6	1.1054e-06
223.8	1.8431e-06
224.0	1.9561e-07
224.2	1.6144e-06
224.4	2.3674e-07
224.6	1.0e-07
224.8	2.6742e-07
225.0	1.7981e-07
225.2	1.0e-07
225.4	1.0e-07
225.6	9.7124e-07
225.8	1.0365e-07
226.0	2.2973e-07
226.2	8.9726e-07
226.4	3.4709e-08
226.6	1.0e-07
226.8	4.9331e-08
227.0	1.1637e-06
227.2	3.5964e-07
227.4	5.5855e-07
227.6	3.7648e-06
227.8	3.4711e-07
228.0	3.9142e-07
228.2	2.2268e-06
228.4	6.7556e-07
228.6	1.2856e-06
228.8	3.8139e-07
229.0	1.0e-07
229.2	2.4979e-07
229.4	1.0e-07
229.6	1.0e-07
229.8	1.0e-07
230.0	1.2539e-06
230.2	1.8929e-07
230.4	7.0397e-08
230.6	1.0e-07
230.8	8.5427e-08
231.0	3.4884e-07
231.2	1.0e-07
231.4	1.2553e-07
231.6	1.2553e-07
231.8	1.0e-07
232.0	1.7993e-07
232.2	1.7993e-07
232.4	1.0e-07
232.6	1.3894e-07
232.8	5.141e-07
233.0	5.82e-08
233.2	5.2466e-07
233.4	8.877e-08
233.6	1.0e-07
233.8	1.2757e-06
234.0	2.3286e-07
234.2	6.6418e-07
234.4	2.5573e-07
234.6	3.0674e-07
234.8	1.0e-07
235.0	1.0226e-06
235.2	2.5431e-07
235.4	1.0e-07
235.6	1.0e-07
235.8	1.0e-07
236.0	1.0e-07
236.2	1.0e-07
236.4	3.2492e-07
236.6	1.0e-07
236.8	6.8539e-07
237.0	8.7341e-08
237.2	1.0e-07
237.4	3.2087e-07
237.6	1.0e-07
237.8	1.0e-07
238.0	3.31e-07
238.2	1.4846e-07
238.4	4.69e-07
238.6	8.229e-07
238.8	6.6023e-07
239.0	1.0e-07
239.2	1.0e-07
239.4	1.0e-07
239.6	8.905e-07
239.8	1.1477e-06
240.0	1.3287e-06
240.2	5.3886e-07
240.4	1.9672e-07
240.6	3.3411e-07
240.8	1.7377e-06
241.0	1.7723e-06
241.2	1.2843e-06
241.4	6.4765e-07
241.6	1.5718e-07
241.8	5.1177e-07
242.0	1.0e-07
242.2	4.3278e-07
242.4	2.2293e-07
242.6	1.9774e-06
242.8	1.0e-07
243.0	1.0e-07
243.2	8.8411e-07
243.4	2.2804e-07
243.6	2.8753e-07
243.8	9.3853e-08
244.0	1.3811e-06
244.2	1.197e-06
244.4	6.8465e-07
244.6	1.1995e-06
244.8	6.128e-07
245.0	1.4269e-06
245.2	1.0e-07
245.4	2.9498e-07
245.6	1.1755e-07
245.8	6.1158e-07
246.0	1.0e-07
246.2	6.021e-07
246.4	1.0069e-06
246.6	8.5744e-07
246.8	1.9051e-06
247.0	1.8429e-06
247.2	1.0366e-06
247.4	3.7881e-07
247.6	1.0e-07
247.8	1.0e-07
248.0	1.0e-07
248.2	1.0e-07
248.4	1.0e-07
248.6	1.5322e-07
248.8	1.0e-07
249.0	1.0e-07
249.2	1.0e-07
249.4	1.705e-07
249.6	1.705e-07
249.8	1.0e-07
250.0	4.9301e-07
250.2	3.3085e-07
250.4	1.0e-07
250.6	1.9434e-07
250.8	1.9434e-07
251.0	9.4485e-07
251.2	1.7156e-06
251.4	8.8978e-07
251.6	1.9791e-06
251.8	4.9212e-07
252.0	3.8303e-08
252.2	2.0154e-07
252.4	4.6719e-07
252.6	3.8204e-07
252.8	5.0925e-07
253.0	1.0e-07
253.2	1.0e-07
253.4	1.0e-07
253.6	1.8904e-07
253.8	1.5028e-06
254.0	2.3722e-08
254.2	7.6089e-07
254.4	1.0109e-06
254.6	4.6346e-07
254.8	3.1224e-07
255.0	6.6745e-07
255.2	6.3084e-07
255.4	7.2296e-07
255.6	8.9459e-07
255.8	1.1541e-06
256.0	2.873e-07
256.2	1.0e-07
256.4	5.9448e-07
256.6	6.8831e-07
256.8	7.6691e-07
257.0	1.0e-07
257.2	1.0e-07
257.4	4.0355e-07
257.6	1.0e-07
257.8	3.372e-07
258.0	1.4758e-07
258.2	2.1434e-07
258.4	1.7623e-07
258.6	8.1786e-08
258.8	1.0e-07
259.0	1.322e-06
259.2	2.0555e-07
259.4	4.5218e-07
259.6	4.2282e-07
259.8	9.4136e-08
260.0	3.335e-07
260.2	5.2168e-07
260.4	1.0e-07
260.6	2.742e-07
260.8	1.7373e-07
261.0	2.3748e-07
261.2	1.0227e-06
261.4	3.3268e-07
261.6	5.039e-08
261.8	1.192e-08
262.0	1.0e-07
262.2	1.6619e-07
262.4	3.3328e-07
262.6	1.959e-07
262.8	1.959e-07
263.0	2.264e-07
263.2	7.8364e-07
263.4	2.1111e-07
263.6	1.0726e-07
263.8	1.5121e-07
264.0	5.8526e-07
264.2	5.9532e-08
264.4	1.3361e-07
264.6	5.6547e-07
264.8	1.0e-07
265.0	5.6411e-07
265.2	8.2197e-08
265.4	3.5838e-07
265.6	4.1119e-07
265.8	2.2318e-07
266.0	1.0e-07
266.2	1.1944e-08
266.4	1.6832e-07
266.6	9.882e-07
266.8	7.5597e-07
267.0	5.4461e-07
267.2	1.1909e-07
267.4	1.2998e-07
267.6	5.902e-08
267.8	2.0239e-07
268.0	1.0e-07
268.2	3.0677e-07
268.4	7.9817e-07
268.6	3.1911e-07
268.8	2.3868e-07
269.0	1.0e-07
269.2	6.6765e-07
269.4	6.2065e-07
269.6	1.0e-07
269.8	3.245e-07
270.0	1.0e-07
270.2	9.539e-08
270.4	3.6055e-07
270.6	1.0947e-07
270.8	4.7676e-08
271.0	1.4194e-07
271.2	1.4194e-07
271.4	1.0e-07
271.6	6.1698e-07
271.8	5.5856e-07
272.0	5.8543e-07
272.2	1.0e-07
272.4	1.0e-07
272.6	1.0e-07
272.8	2.8677e-07
273.0	1.1274e-07
273.2	2.0268e-07
273.4	2.4243e-08
273.6	3.7149e-07
273.8	1.0e-07
274.0	1.0e-07
274.2	1.0e-07
274.4	1.0e-07
274.6	2.8373e-07
274.8	1.0e-07
275.0	4.7823e-08
275.2	1.0e-07
275.4	1.0e-07
275.6	3.5833e-07
275.8	1.401e-07
276.0	1.1229e-07
276.2	5.4955e-07
276.4	2.341e-07
276.6	1.0e-07
276.8	1.4287e-07
277.0	9.2644e-07
277.2	2.1487e-07
277.4	1.0e-07
277.6	1.0e-07
277.8	1.0e-07
278.0	1.5481e-07
278.2	1.0e-07
278.4	1.0e-07
278.6	1.0e-07
278.8	1.0943e-06
279.0	8.3999e-07
279.2	8.9521e-07
279.4	1.8955e-07
279.6	5.9939e-07
279.8	6.9027e-07
280.0	3.8161e-07
280.2	5.7749e-07
280.4	1.0e-07
280.6	1.0e-07
280.8	5.9379e-07
281.0	1.1698e-06
281.2	1.0e-07
281.4	1.5384e-07
281.6	1.0e-07
281.8	2.7456e-07
282.0	1.8497e-07
282.2	1.0e-07
282.4	1.1871e-07
282.6	1.1871e-07
282.8	1.0e-07
283.0	1.0e-07
283.2	2.0734e-07
283.4	6.213e-07
283.6	1.8055e-07
283.8	1.2957e-06
284.0	1.1951e-07
284.2	1.0e-07
284.4	1.0e-07
284.6	1.0e-07
284.8	1.4409e-07
285.0	1.4409e-07
285.2	9.3175e-07
285.4	9.4275e-08
285.6	9.4275e-08
285.8	1.0e-07
286.0	9.9386e-07
286.2	1.9272e-07
286.4	1.0e-07
286.6	1.8735e-07
286.8	1.8735e-07
287.0	8.3473e-08
287.2	8.2498e-07
287.4	5.1003e-07
287.6	9.559e-08
287.8	1.0e-07
288.0	1.0e-07
288.2	1.6737e-07
288.4	2.1836e-07
288.6	1.738e-06
288.8	1.0733e-07
289.0	1.8863e-07
289.2	6.9305e-07
289.4	1.0e-07
289.6	1.0e-07
289.8	6.3624e-07
290.0	2.0363e-07
290.2	8.1598e-07
290.4	2.8974e-07
290.6	1.0e-07
290.8	1.9811e-07
291.0	1.0304e-06
291.2	1.6932e-06
291.4	1.6682e-07
291.6	1.0e-07
291.8	7.1707e-08
292.0	1.9602e-07
292.2	5.832e-07
292.4	1.1604e-06
292.6	7.8194e-07
292.8	7.2285e-07
293.0	1.0e-07
293.2	9.0671e-07
293.4	1.875e-07
293.6	1.0e-07
293.8	2.6066e-07
294.0	5.5203e-07
294.2	1.0e-07
294.4	2.8868e-07
294.6	5.4056e-07
294.8	5.035e-07
295.0	9.1204e-07
295.2	8.0271e-07
295.4	9.0517e-07
295.6	1.0e-07
295.8	1.0e-07
296.0	6.9494e-07
296.2	1.0462e-06
296.4	1.9602e-07
296.6	1.0e-07
296.8	2.0327e-07
297.0	3.3919e-07
297.2	3.5806e-07
297.4	9.0115e-07
297.6	2.7944e-07
297.8	1.668e-06
298.0	5.0971e-07
298.2	3.9307e-07
298.4	9.3469e-07
298.6	3.0242e-07
298.8	1.2908e-07
299.0	1.0e-07
299.2	1.0e-07
299.4	1.0e-07
299.6	1.0e-07
299.8	1.6717e-07
300.0	2.8944e-07
300.2	1.435e-07
300.4	2.8154e-07
300.6	2.0893e-07
300.8	1.2947e-06
301.0	4.2822e-07
301.2	4.4636e-07
301.4	3.5957e-07
301.6	1.5639e-07
301.8	4.5228e-07
302.0	1.0e-07
302.2	1.9175e-07
302.4	1.0259e-06
302.6	5.7609e-07
302.8	1.918e-07
303.0	1.1568e-06
303.2	1.3144e-06
303.4	1.5199e-06
303.6	1.5045e-06
303.8	1.9749e-06
304.0	3.1663e-07
304.2	1.0e-07
304.4	1.0e-07
304.6	1.0e-07
304.8	4.9864e-07
305.0	1.0e-07
305.2	5.0769e-07
305.4	5.3433e-07
305.6	1.5593e-07
305.8	1.4398e-07
306.0	8.1911e-07
306.2	1.0e-07
306.4	3.6816e-07
306.6	4.7359e-07
306.8	7.7965e-07
307.0	2.3499e-07
307.2	4.3504e-07
307.4	1.1966e-06
307.6	1.0e-07
307.8	1.0e-07
308.0	6.9461e-07
308.2	1.4291e-06
308.4	2.7642e-07
308.6	7.0864e-07
308.8	9.8434e-08
309.0	4.0959e-07
309.2	1.0e-07
309.4	1.0e-07
309.6	1.0e-07
309.8	1.0e-07
310.0	3.598e-07
310.2	2.7448e-07
310.4	1.0887e-06
310.6	1.8528e-07
310.8	9.4588e-07
311.0	8.2936e-07
311.2	9.4326e-08
311.4	3.6426e-08
311.6	5.4116e-07
311.8	4.4245e-07
312.0	1.5822e-07
312.2	2.0374e-07
312.4	7.0128e-07
312.6	5.9737e-07
312.8	1.1987e-07
313.0	5.0991e-07
313.2	1.2018e-07
313.4	1.0e-07
313.6	1.9742e-07
313.8	1.3746e-06
314.0	1.0e-07
314.2	2.7811e-06
314.4	1.0396e-06
314.6	1.0428e-06
314.8	5.9451e-07
315.0	1.0e-07
315.2	1.0e-07
315.4	2.2943e-07
315.6	1.0e-07
315.8	1.0933e-06
316.0	1.4881e-06
316.2	2.8414e-07
316.4	4.3155e-07
316.6	1.0e-07
316.8	6.3394e-07
317.0	1.0e-07
317.2	4.2148e-07
317.4	1.0e-07
317.6	1.2367e-06
317.8	2.8878e-07
318.0	4.0219e-07
318.2	1.1187e-06
318.4	1.0e-07
318.6	1.0e-07
318.8	1.0e-07
319.0	2.1933e-07
319.2	1.0e-07
319.4	6.265e-06
319.6	3.7845e-07
319.8	6.0102e-06
320.0	9.6786e-06
320.2	3.4664e-06
320.4	1.2415e-06
320.6	9.3038e-07
320.8	9.3579e-07
321.0	9.4237e-07
321.2	9.58e-07
321.4	9.7389e-07
321.6	1.2289e-06
321.8	1.6541e-06
322.0	2.2728e-06
322.2	3.3522e-06
322.4	4.9443e-06
322.6	4.3285e-06
322.8	5.5939e-06
323.0	5.4849e-06
323.2	2.6439e-06
323.4	1.2744e-06
323.6	1.4086e-06
323.8	2.1e-06
324.0	5.5903e-06
324.2	7.3957e-06
324.4	9.7842e-06
324.6	9.733e-06
324.8	8.782e-06
325.0	6.7425e-06
325.2	2.714e-06
325.4	1.0924e-06
325.6	3.354e-06
325.8	1.4788e-06
326.0	9.2242e-07
326.2	1.5855e-06
326.4	2.7251e-06
326.6	2.1614e-06
326.8	1.25e-06
327.0	2.1902e-06
327.2	1.3639e-06
327.4	8.4931e-07
327.6	7.4491e-07
327.8	7.2582e-07
328.0	7.0866e-07
328.2	6.9691e-07
328.4	6.8536e-07
328.6	1.0286e-06
328.8	1.4932e-06
329.0	1.7289e-06
329.2	1.1026e-06
329.4	7.0324e-07
329.6	7.5695e-07
329.8	9.8876e-07
330.0	7.5092e-07
330.2	1.1038e-06
330.4	1.6225e-06
330.6	1.2902e-06
330.8	8.268e-07
331.0	5.7731e-07
331.2	5.7457e-07
331.4	5.7184e-07
331.6	2.1203e-06
331.8	9.8685e-07
332.0	6.1362e-07
332.2	9.3151e-07
332.4	1.4141e-06
332.6	1.842e-06
332.8	2.2469e-06
333.0	6.5416e-07
333.2	9.661e-07
333.4	1.4268e-06
333.6	1.3897e-06
333.8	1.1782e-06
334.0	1.0339e-06
334.2	1.0368e-06
334.4	1.0398e-06
334.6	5.1866e-07
334.8	5.132e-07
335.0	5.4275e-07
335.2	7.0091e-07
335.4	9.0517e-07
335.6	9.6743e-07
335.8	9.5708e-07
336.0	4.7472e-07
336.2	4.6583e-07
336.4	4.5711e-07
336.6	4.498e-07
336.8	4.4298e-07
337.0	4.6474e-07
337.2	6.1007e-07
337.4	8.0084e-07
337.6	4.3683e-07
337.8	4.3378e-07
338.0	4.3047e-07
338.2	4.2637e-07
338.4	4.2231e-07
338.6	6.2184e-07
338.8	1.0683e-06
339.0	4.1804e-07
339.2	4.1122e-07
339.4	4.0451e-07
339.6	3.9745e-07
339.8	3.9037e-07
340.0	3.8458e-07
340.2	3.8271e-07
340.4	3.8086e-07
340.6	1.2502e-06
340.8	1.3805e-06
341.0	1.2774e-06
341.2	7.329e-07
341.4	4.2049e-07
341.6	3.612e-07
341.8	3.6159e-07
342.0	3.6281e-07
342.2	3.5869e-07
342.4	3.5462e-07
342.6	3.5035e-07
342.8	3.4606e-07
343.0	3.8764e-07
343.2	6.6967e-07
343.4	1.1569e-06
343.6	5.9385e-07
343.8	9.5305e-07
344.0	1.5093e-06
344.2	2.3037e-06
344.4	3.5161e-06
344.6	2.3866e-06
344.8	1.1821e-06
345.0	3.3314e-07
345.2	3.2928e-07
345.4	3.2546e-07
345.6	4.8674e-07
345.8	8.2967e-07
346.0	1.1159e-06
346.2	6.4801e-07
346.4	3.763e-07
346.6	3.1648e-07
346.8	3.1515e-07
347.0	3.143e-07
347.2	3.1482e-07
347.4	3.1533e-07
347.6	3.2005e-07
347.8	3.2655e-07
348.0	3.3371e-07
348.2	3.3372e-07
348.4	3.3372e-07
348.6	4.619e-07
348.8	7.0841e-07
349.0	8.9941e-07
349.2	5.8432e-07
349.4	3.7962e-07
349.6	8.9946e-07
349.8	4.9691e-07
350.0	3.1835e-07
350.2	3.1438e-07
350.4	3.1045e-07
350.6	3.7899e-07
350.8	5.0347e-07
351.0	3.1952e-07
351.2	3.2097e-07
351.4	3.2242e-07
351.6	3.2512e-07
351.8	3.2828e-07
352.0	3.6318e-07
352.2	5.7262e-07
352.4	9.0285e-07
352.6	3.5208e-07
352.8	3.4957e-07
353.0	3.4634e-07
353.2	3.4123e-07
353.4	3.3619e-07
353.6	3.3297e-07
353.8	3.304e-07
354.0	6.5833e-07
354.2	6.4116e-07
354.4	6.2444e-07
354.6	6.9063e-07
354.8	7.9341e-07
355.0	8.5158e-07
355.2	7.2799e-07
355.4	6.2234e-07
355.6	6.5351e-07
355.8	4.1212e-07
356.0	2.9216e-07
356.2	2.9155e-07
356.4	2.9094e-07
356.6	2.9498e-07
356.8	3.0098e-07
357.0	9.2373e-07
357.2	9.2205e-07
357.4	9.2037e-07
357.6	6.6881e-07
357.8	4.3597e-07
358.0	3.2686e-07
358.2	4.2157e-07
358.4	5.4372e-07
358.6	2.8894e-07
358.8	2.7816e-07
359.0	2.7039e-07
359.2	2.6931e-07
359.4	2.6824e-07
359.6	2.6904e-07
359.8	2.7048e-07
360.0	5.4555e-07
360.2	5.44e-07
360.4	5.4245e-07
360.6	5.4115e-07
360.8	5.3993e-07
361.0	5.0828e-07
361.2	3.9164e-07
361.4	3.0177e-07
361.6	2.7854e-07
361.8	2.7639e-07
362.0	2.7439e-07
362.2	2.7282e-07
362.4	2.7126e-07
362.6	2.7254e-07
362.8	2.7501e-07
363.0	7.6855e-07
363.2	4.8214e-07
363.4	3.0246e-07
363.6	3.7591e-07
363.8	5.7637e-07
364.0	7.7397e-07
364.2	6.6668e-07
364.4	5.7427e-07
364.6	2.7474e-07
364.8	2.7308e-07
365.0	2.7158e-07
365.2	2.7055e-07
365.4	2.6952e-07
365.6	3.2862e-07
365.8	4.3603e-07
366.0	2.775e-07
366.2	2.7545e-07
366.4	2.734e-07
366.6	2.723e-07
366.8	2.7149e-07
367.0	2.8918e-07
367.2	3.8436e-07
367.4	5.1087e-07
367.6	5.8585e-07
367.8	1.0487e-06
368.0	1.5631e-06
368.2	1.3253e-06
368.4	1.1236e-06
368.6	8.8768e-07
368.8	6.8085e-07
369.0	3.416e-07
369.2	4.9926e-07
369.4	7.2967e-07
369.6	5.6786e-07
369.8	3.661e-07
370.0	2.9049e-07
370.2	4.531e-07
370.4	7.0673e-07
370.6	9.5842e-07
370.8	1.1544e-06
371.0	1.2196e-06
371.2	8.5067e-07
371.4	5.9336e-07
371.6	4.4338e-07
371.8	3.4122e-07
372.0	2.7575e-07
372.2	2.693e-07
372.4	2.6299e-07
372.6	2.6011e-07
372.8	2.5835e-07
373.0	2.5784e-07
373.2	2.6203e-07
373.4	2.6628e-07
373.6	2.6639e-07
373.8	2.6029e-07
374.0	2.5513e-07
374.2	2.522e-07
374.4	2.493e-07
374.6	2.514e-07
374.8	2.5533e-07
375.0	2.6036e-07
375.2	2.5618e-07
375.4	2.5207e-07
375.6	2.4908e-07
375.8	2.4641e-07
376.0	2.4551e-07
376.2	2.5e-07
376.4	2.5457e-07
376.6	9.5522e-07
376.8	4.4175e-07
377.0	2.4632e-07
377.2	2.4446e-07
377.4	2.4261e-07
377.6	2.4684e-07
377.8	2.537e-07
378.0	7.2479e-07
378.2	4.4852e-07
378.4	2.7755e-07
378.6	2.4404e-07
378.8	2.3975e-07
379.0	2.3752e-07
379.2	2.4224e-07
379.4	2.4706e-07
379.6	2.499e-07
379.8	2.4872e-07
380.0	2.4611e-07
380.2	2.4212e-07
380.4	2.3819e-07
380.6	2.3744e-07
380.8	2.3681e-07
381.0	2.3579e-07
381.2	2.3436e-07
381.4	2.8994e-07
381.6	4.4266e-07
381.8	6.7581e-07
382.0	4.8382e-07
382.2	3.3971e-07
382.4	3.5416e-07
382.6	5.482e-07
382.8	5.3924e-07
383.0	3.4609e-07
383.2	2.2213e-07
383.4	2.2043e-07
383.6	2.207e-07
383.8	2.1995e-07
384.0	2.1819e-07
384.2	2.1652e-07
384.4	2.1492e-07
384.6	2.1334e-07
384.8	2.7531e-07
385.0	3.5672e-07
385.2	3.4474e-07
385.4	2.4852e-07
385.6	2.0889e-07
385.8	2.0668e-07
386.0	2.0449e-07
386.2	2.056e-07
386.4	2.0689e-07
386.6	2.0675e-07
386.8	2.0518e-07
387.0	2.0345e-07
387.2	2.0156e-07
387.4	1.9969e-07
387.6	2.2889e-07
387.8	2.6397e-07
388.0	2.5925e-07
388.2	2.1685e-07
388.4	1.9628e-07
388.6	1.9195e-07
388.8	1.8772e-07
389.0	1.8799e-07
389.2	1.884e-07
389.4	1.8841e-07
389.6	1.8803e-07
389.8	1.8692e-07
390.0	1.8512e-07
390.2	1.8334e-07
390.4	2.7217e-07
390.6	4.0826e-07
390.8	5.1523e-07
391.0	5.4706e-07
391.2	5.6046e-07
391.4	5.5518e-07
391.6	5.4994e-07
391.8	6.2136e-07
392.0	7.0394e-07
392.2	7.751e-07
392.4	8.2949e-07
392.6	7.6603e-07
392.8	6.191e-07
393.0	5.0035e-07
393.2	4.4565e-07
393.4	3.9732e-07
393.6	3.0754e-07
393.8	2.0667e-07
394.0	1.6694e-07
394.2	1.6457e-07
394.4	1.6224e-07
394.6	2.3357e-07
394.8	3.4375e-07
395.0	3.2856e-07
395.2	2.0395e-07
395.4	1.5976e-07
395.6	1.5944e-07
395.8	1.5912e-07
396.0	1.5984e-07
396.2	1.6062e-07
396.4	1.5955e-07
396.6	1.5668e-07
396.8	1.5414e-07
397.0	1.5191e-07
397.2	1.4971e-07
397.4	4.2238e-07
397.6	1.238e-06
397.8	2.7249e-06
398.0	4.5036e-06
398.2	5.9746e-06
398.4	6.3617e-06
398.6	6.774e-06
398.8	6.3879e-06
399.0	6.0012e-06
399.2	6.2055e-06
399.4	7.0626e-06
399.6	7.4139e-06
399.8	7.2012e-06
400.0	6.9946e-06
400.2	6.8626e-06
400.4	6.7349e-06
400.6	6.6115e-06
400.8	6.4922e-06
401.0	6.6557e-06
401.2	7.1059e-06
401.4	7.5865e-06
401.6	7.2197e-06
401.8	6.8546e-06
402.0	6.7836e-06
402.2	6.9977e-06
402.4	6.9644e-06
402.6	6.7098e-06
402.8	6.4646e-06
403.0	6.0722e-06
403.2	5.7021e-06
403.4	5.7276e-06
403.6	6.1541e-06
403.8	6.508e-06
404.0	6.767e-06
404.2	7.0363e-06
404.4	7.0418e-06
404.6	7.0331e-06
404.8	6.9741e-06
405.0	6.8661e-06
405.2	6.7244e-06
405.4	6.5507e-06
405.6	6.3814e-06
405.8	6.702e-06
406.0	7.0607e-06
406.2	7.3838e-06
406.4	7.6647e-06
406.6	7.9443e-06
406.8	8.2218e-06
407.0	8.5089e-06
407.2	9.2985e-06
407.4	1.0178e-05
407.6	1.1683e-05
407.8	1.4062e-05
408.0	1.5934e-05
408.2	1.7036e-05
408.4	1.8215e-05
408.6	2.3138e-05
408.8	2.9496e-05
409.0	3.7558e-05
409.2	4.7767e-05
409.4	5.9982e-05
409.6	7.4421e-05
409.8	9.2336e-05
410.0	1.0262e-04
410.2	1.1387e-04
410.4	1.3404e-04
410.6	1.6738e-04
410.8	2.0041e-04
411.0	2.2948e-04
411.2	2.6276e-04
411.4	2.8766e-04
411.6	3.1425e-04
411.8	3.7023e-04
412.0	4.7043e-04
412.2	5.7983e-04
412.4	6.9367e-04
412.6	8.2987e-04
412.8	0.00105
413.0	0.00133
413.2	0.0015
413.4	0.00202
413.6	0.00257
413.8	0.00338
414.0	0.00448
414.2	0.00609
414.4	0.0087
414.6	0.01224
414.8	0.01659
415.0	0.0238
415.2	0.03401
415.4	0.04922
415.6	0.07139
415.8	0.10476
416.0	0.13297
416.2	0.18925
416.4	0.26739
416.6	0.36807
416.8	0.48594
417.0	0.61368
417.2	0.73315
417.4	0.85125
417.6	0.90958
417.8	0.94768
418.0	0.96458
418.2	0.97106
418.4	0.96995
418.6	0.9668
418.8	0.9606
419.0	0.96481
419.2	0.96429
419.4	0.9636
419.6	0.96558
419.8	0.96696
420.0	0.96634
420.2	0.96564
420.4	0.96577
420.6	0.96242
420.8	0.95966
421.0	0.9584
421.2	0.95731
421.4	0.9556
421.6	0.95956
421.8	0.95853
422.0	0.95783
422.2	0.95837
422.4	0.9595
422.6	0.95938
422.8	0.95977
423.0	0.95829
423.2	0.95952
423.4	0.96122
423.6	0.96067
423.8	0.96282
424.0	0.96542
424.2	0.96716
424.4	0.97587
424.6	0.97722
424.8	0.97957
425.0	0.98209
425.2	0.984
425.4	0.98462
425.6	0.98469
425.8	0.98154
426.0	0.97746
426.2	0.97239
426.4	0.96496
426.6	0.9588
426.8	0.95255
427.0	0.94573
427.2	0.94402
427.4	0.9382
427.6	0.93452
427.8	0.93387
428.0	0.93213
428.2	0.93404
428.4	0.93755
428.6	0.95075
428.8	0.95177
429.0	0.95274
429.2	0.95721
429.4	0.96268
429.6	0.96675
429.8	0.97039
430.0	0.97198
430.2	0.97764
430.4	0.97702
430.6	0.97732
430.8	0.97515
431.0	0.97315
431.2	0.97032
431.4	0.96591
431.6	0.9644
431.8	0.95926
432.0	0.95532
432.2	0.95135
432.4	0.94791
432.6	0.94499
432.8	0.94426
433.0	0.94628
433.2	0.94577
433.4	0.94773
433.6	0.95428
433.8	0.95711
434.0	0.95844
434.2	0.96274
434.4	0.96599
434.6	0.96927
434.8	0.97179
435.0	0.97481
435.2	0.97202
435.4	0.96825
435.6	0.96308
435.8	0.95575
436.0	0.94751
436.2	0.93807
436.4	0.92863
436.6	0.92153
436.8	0.91442
437.0	0.90718
437.2	0.90416
437.4	0.90217
437.6	0.90307
437.8	0.90526
438.0	0.91121
438.2	0.91852
438.4	0.92708
438.6	0.93701
438.8	0.94654
439.0	0.95641
439.2	0.96532
439.4	0.97219
439.6	0.97745
439.8	0.97962
440.0	0.97956
440.2	0.97725
440.4	0.97241
440.6	0.96736
440.8	0.96105
441.0	0.95431
441.2	0.94816
441.4	0.94343
441.6	0.9393
441.8	0.93794
442.0	0.93783
442.2	0.9394
442.4	0.94304
442.6	0.94887
442.8	0.95259
443.0	0.95812
443.2	0.96487
443.4	0.96935
443.6	0.9748
443.8	0.97839
444.0	0.98143
444.2	0.98274
444.4	0.98302
444.6	0.98202
444.8	0.98139
445.0	0.97973
445.2	0.97867
445.4	0.97697
445.6	0.97471
445.8	0.97348
446.0	0.97257
446.2	0.9719
446.4	0.97168
446.6	0.97223
446.8	0.97258
447.0	0.97208
447.2	0.97283
447.4	0.97268
447.6	0.97266
447.8	0.97299
448.0	0.97414
448.2	0.97423
448.4	0.97497
448.6	0.97557
448.8	0.97713
449.0	0.97747
449.2	0.9792
449.4	0.98074
449.6	0.98196
449.8	0.9832
450.0	0.98395
450.2	0.98446
450.4	0.98407
450.6	0.98391
450.8	0.98399
451.0	0.98245
451.2	0.98131
451.4	0.97839
451.6	0.97737
451.8	0.97659
452.0	0.97507
452.2	0.97605
452.4	0.97489
452.6	0.97629
452.8	0.97682
453.0	0.97874
453.2	0.98059
453.4	0.98276
453.6	0.98437
453.8	0.98582
454.0	0.98607
454.2	0.98687
454.4	0.98655
454.6	0.98585
454.8	0.98499
455.0	0.98403
455.2	0.9829
455.4	0.9822
455.6	0.98136
455.8	0.98115
456.0	0.98228
456.2	0.98168
456.4	0.98211
456.6	0.98277
456.8	0.98256
457.0	0.98195
457.2	0.98074
457.4	0.97924
457.6	0.97658
457.8	0.97383
458.0	0.96937
458.2	0.96583
458.4	0.96094
458.6	0.95797
458.8	0.95416
459.0	0.95325
459.2	0.95189
459.4	0.95162
459.6	0.95366
459.8	0.95598
460.0	0.96033
460.2	0.96479
460.4	0.97013
460.6	0.97457
460.8	0.97938
461.0	0.98069
461.2	0.98123
461.4	0.97996
461.6	0.97689
461.8	0.97358
462.0	0.96935
462.2	0.96502
462.4	0.96195
462.6	0.95663
462.8	0.9453
463.0	0.91869
463.2	0.87115
463.4	0.79826
463.6	0.69962
463.8	0.59006
464.0	0.48739
464.2	0.39668
464.4	0.31956
464.6	0.25242
464.8	0.19227
465.0	0.13525
465.2	0.08168
465.4	0.04704
465.6	0.0258
465.8	0.01381
466.0	0.00758
466.2	0.00431
466.4	0.00253
466.6	0.00128
466.8	7.441e-04
467.0	4.4945e-04
467.2	2.755e-04
467.4	1.7444e-04
467.6	1.1376e-04
467.8	7.4276e-05
468.0	4.7427e-05
468.2	3.1815e-05
468.4	2.1342e-05
468.6	1.477e-05
468.8	1.0404e-05
469.0	7.3235e-06
469.2	5.1327e-06
469.4	3.6021e-06
469.6	2.7599e-06
469.8	2.1147e-06
470.0	1.6122e-06
470.2	1.2229e-06
470.4	9.2753e-07
470.6	6.937e-07
470.8	5.1855e-07
471.0	4.8981e-07
471.2	4.735e-07
471.4	4.3646e-07
471.6	3.7287e-07
471.8	3.1854e-07
472.0	2.8619e-07
472.2	2.5925e-07
472.4	2.5882e-07
472.6	2.6435e-07
472.8	2.4167e-07
473.0	1.6729e-07
473.2	1.1581e-07
473.4	9.8779e-08
473.6	8.9995e-08
473.8	1.0099e-07
474.0	1.2127e-07
474.2	1.424e-07
474.4	1.552e-07
474.6	1.6915e-07
474.8	7.8548e-08
475.0	2.5524e-08
475.2	2.9653e-08
475.4	6.7392e-08
475.6	1.2363e-07
475.8	5.4092e-08
476.0	2.3667e-08
476.2	1.7048e-08
476.4	1.7004e-08
476.6	2.2984e-08
476.8	3.964e-08
477.0	6.6151e-08
477.2	3.8055e-08
477.4	2.1892e-08
477.6	1.6632e-08
477.8	1.6595e-08
478.0	2.2767e-08
478.2	4.6098e-08
478.4	9.3336e-08
478.6	5.0767e-08
478.8	2.4822e-08
479.0	2.4393e-08
479.2	6.6849e-08
479.4	1.2345e-07
479.6	1.0952e-07
479.8	9.7161e-08
480.0	9.4746e-08
480.2	9.4263e-08
480.4	8.4627e-08
480.6	6.012e-08
480.8	4.1652e-08
481.0	2.6819e-08
481.2	1.7268e-08
481.4	1.5295e-08
481.6	1.5243e-08
481.8	1.6962e-08
482.0	2.8948e-08
482.2	4.9227e-08
482.4	8.2102e-08
482.6	1.3693e-07
482.8	1.4745e-07
483.0	1.228e-07
483.2	9.4207e-08
483.4	3.7171e-08
483.6	1.4867e-08
483.8	2.284e-08
484.0	3.5087e-08
484.2	5.2705e-08
484.4	7.7305e-08
484.6	1.1339e-07
484.8	9.1944e-08
485.0	7.2738e-08
485.2	6.5388e-08
485.4	5.9483e-08
485.6	4.5218e-08
485.8	2.5959e-08
486.0	1.4902e-08
486.2	1.3828e-08
486.4	1.3786e-08
486.6	1.3732e-08
486.8	1.3675e-08
487.0	1.3621e-08
487.2	1.3572e-08
487.4	1.3523e-08
487.6	1.3474e-08
487.8	1.3425e-08
488.0	1.3365e-08
488.2	1.3299e-08
488.4	1.3235e-08
488.6	1.3175e-08
488.8	1.3115e-08
489.0	1.3069e-08
489.2	1.3029e-08
489.4	2.0101e-08
489.6	4.0763e-08
489.8	7.2229e-08
490.0	3.5404e-08
490.2	1.7354e-08
490.4	1.2752e-08
490.6	1.2717e-08
490.8	1.2673e-08
491.0	1.2621e-08
491.2	1.2597e-08
491.4	1.9364e-08
491.6	2.9767e-08
491.8	3.972e-08
492.0	4.5468e-08
492.2	4.6667e-08
492.4	4.1324e-08
492.6	3.6593e-08
492.8	3.5905e-08
493.0	3.5633e-08
493.2	4.1418e-08
493.4	6.2308e-08
493.6	6.3015e-08
493.8	2.8973e-08
494.0	1.3322e-08
494.2	1.145e-08
494.4	1.1396e-08
494.6	1.1352e-08
494.8	1.1328e-08
495.0	1.2862e-08
495.2	2.2231e-08
495.4	3.8424e-08
495.6	4.7753e-08
495.8	5.2035e-08
496.0	5.31e-08
496.2	4.1327e-08
496.4	3.1349e-08
496.6	2.0174e-08
496.8	1.2982e-08
497.0	1.692e-08
497.2	3.4298e-08
497.4	6.3776e-08
497.6	5.2097e-08
497.8	4.1886e-08
498.0	2.4027e-08
498.2	1.3783e-08
498.4	1.056e-08
498.6	1.0512e-08
498.8	1.0505e-08
499.0	1.9223e-08
499.2	3.2501e-08
499.4	3.9648e-08
499.6	4.8366e-08
499.8	5.2666e-08
500.0	5.4296e-08
500.2	5.5975e-08
500.4	5.7707e-08
500.6	5.9493e-08
500.8	6.1333e-08
501.0	6.3231e-08
501.2	6.5187e-08
501.4	6.7204e-08
501.6	6.9283e-08
501.8	7.1426e-08
502.0	7.3636e-08
502.2	7.063e-08
502.4	6.7351e-08
502.6	6.4225e-08
502.8	6.1243e-08
503.0	5.84e-08
503.2	5.5689e-08
503.4	5.3104e-08
503.6	5.0639e-08
503.8	4.8288e-08
504.0	4.6046e-08
504.2	4.7438e-08
504.4	4.9596e-08
504.6	5.1852e-08
504.8	5.4211e-08
505.0	5.6677e-08
505.2	5.9255e-08
505.4	6.1951e-08
505.6	6.4769e-08
505.8	6.7716e-08
506.0	7.0796e-08
506.2	7.2503e-08
506.4	7.3768e-08
506.6	7.5055e-08
506.8	7.6364e-08
507.0	7.7696e-08
507.2	7.9051e-08
507.4	8.043e-08
507.6	8.1833e-08
507.8	8.326e-08
508.0	8.4713e-08
508.2	8.3457e-08
508.4	8.0984e-08
508.6	7.8583e-08
508.8	7.6254e-08
509.0	7.3993e-08
509.2	7.18e-08
509.4	6.9671e-08
509.6	6.7606e-08
509.8	6.5602e-08
510.0	6.3658e-08
510.2	6.3565e-08
510.4	6.3473e-08
510.6	6.3381e-08
510.8	6.329e-08
511.0	6.3198e-08
511.2	6.3107e-08
511.4	6.3015e-08
511.6	6.2924e-08
511.8	6.2833e-08
512.0	6.2742e-08
512.2	6.5384e-08
512.4	6.8322e-08
512.6	7.1393e-08
512.8	7.4602e-08
513.0	7.7955e-08
513.2	8.1459e-08
513.4	8.5121e-08
513.6	8.8947e-08
513.8	9.2944e-08
514.0	9.7122e-08
514.2	9.0738e-08
514.4	8.3304e-08
514.6	7.648e-08
514.8	7.0215e-08
515.0	6.4463e-08
515.2	5.9182e-08
515.4	5.4334e-08
515.6	4.9882e-08
515.8	4.5796e-08
516.0	4.2044e-08
516.2	4.0848e-08
516.4	4.0287e-08
516.6	3.9733e-08
516.8	3.9187e-08
517.0	3.8649e-08
517.2	3.8118e-08
517.4	3.7595e-08
517.6	3.7078e-08
517.8	3.6569e-08
518.0	3.6067e-08
518.2	3.6846e-08
518.4	3.8175e-08
518.6	3.9552e-08
518.8	4.0978e-08
519.0	4.2456e-08
519.2	4.3987e-08
519.4	4.5574e-08
519.6	4.7217e-08
519.8	4.892e-08
520.0	5.0684e-08
520.2	5.1884e-08
520.4	5.3109e-08
520.6	5.4363e-08
520.8	5.5647e-08
521.0	5.6961e-08
521.2	5.8305e-08
521.4	5.9682e-08
521.6	6.1091e-08
521.8	6.2534e-08
522.0	6.401e-08
522.2	6.3539e-08
522.4	6.2892e-08
522.6	6.2251e-08
522.8	6.1617e-08
523.0	6.099e-08
523.2	6.0368e-08
523.4	5.9753e-08
523.6	5.9145e-08
523.8	5.8542e-08
524.0	5.7946e-08
524.2	5.582e-08
524.4	5.3505e-08
524.6	5.1286e-08
524.8	4.9159e-08
525.0	4.712e-08
525.2	4.5166e-08
525.4	4.3292e-08
525.6	4.1497e-08
525.8	3.9776e-08
526.0	3.8126e-08
526.2	3.81e-08
526.4	3.8538e-08
526.6	3.898e-08
526.8	3.9428e-08
527.0	3.988e-08
527.2	4.0338e-08
527.4	4.0801e-08
527.6	4.127e-08
527.8	4.1744e-08
528.0	4.2223e-08
528.2	4.1839e-08
528.4	4.1113e-08
528.6	4.0399e-08
528.8	3.9698e-08
529.0	3.9009e-08
529.2	3.8331e-08
529.4	3.7666e-08
529.6	3.7012e-08
529.8	3.6369e-08
530.0	3.5738e-08
530.2	3.6658e-08
530.4	3.7609e-08
530.6	3.8585e-08
530.8	3.9586e-08
531.0	4.0613e-08
531.2	4.1667e-08
531.4	4.2749e-08
531.6	4.3858e-08
531.8	4.4996e-08
532.0	4.6164e-08
532.2	4.6242e-08
532.4	4.6223e-08
532.6	4.6205e-08
532.8	4.6186e-08
533.0	4.6168e-08
533.2	4.6149e-08
533.4	4.6131e-08
533.6	4.6113e-08
533.8	4.6094e-08
534.0	4.6076e-08
534.2	4.5036e-08
534.4	4.3852e-08
534.6	4.2699e-08
534.8	4.1577e-08
535.0	4.0484e-08
535.2	3.942e-08
535.4	3.8384e-08
535.6	3.7375e-08
535.8	3.6392e-08
536.0	3.5436e-08
536.2	3.5507e-08
536.4	3.5851e-08
536.6	3.6198e-08
536.8	3.6548e-08
537.0	3.6902e-08
537.2	3.7259e-08
537.4	3.762e-08
537.6	3.7984e-08
537.8	3.8352e-08
538.0	3.8723e-08
538.2	3.8266e-08
538.4	3.7515e-08
538.6	3.6778e-08
538.8	3.6056e-08
539.0	3.5348e-08
539.2	3.4654e-08
539.4	3.3974e-08
539.6	3.3306e-08
539.8	3.2652e-08
540.0	3.2011e-08
540.2	3.2323e-08
540.4	3.2663e-08
540.6	3.3006e-08
540.8	3.3353e-08
541.0	3.3703e-08
541.2	3.4057e-08
541.4	3.4415e-08
541.6	3.4777e-08
541.8	3.5142e-08
542.0	3.5511e-08
542.2	3.4967e-08
542.4	3.4315e-08
542.6	3.3675e-08
542.8	3.3047e-08
543.0	3.243e-08
543.2	3.1826e-08
543.4	3.1232e-08
543.6	3.065e-08
543.8	3.0078e-08
544.0	2.9517e-08
544.2	2.9566e-08
544.4	2.9744e-08
544.6	2.9922e-08
544.8	3.0102e-08
545.0	3.0283e-08
545.2	3.0465e-08
545.4	3.0647e-08
545.6	3.0832e-08
545.8	3.1017e-08
546.0	3.1203e-08
546.2	3.1576e-08
546.4	3.2009e-08
546.6	3.2449e-08
546.8	3.2894e-08
547.0	3.3346e-08
547.2	3.3804e-08
547.4	3.4268e-08
547.6	3.4739e-08
547.8	3.5216e-08
548.0	3.5699e-08
548.2	3.4748e-08
548.4	3.3293e-08
548.6	3.1898e-08
548.8	3.0561e-08
549.0	2.9281e-08
549.2	2.8054e-08
549.4	2.6879e-08
549.6	2.5753e-08
549.8	2.4674e-08
550.0	2.364e-08
550.2	2.3309e-08
550.4	2.2999e-08
550.6	2.2694e-08
550.8	2.2393e-08
551.0	2.2095e-08
551.2	2.1802e-08
551.4	2.1512e-08
551.6	2.1227e-08
551.8	2.0945e-08
552.0	2.0667e-08
552.2	2.1181e-08
552.4	2.181e-08
552.6	2.2458e-08
552.8	2.3125e-08
553.0	2.3812e-08
553.2	2.4519e-08
553.4	2.5248e-08
553.6	2.5998e-08
553.8	2.677e-08
554.0	2.7565e-08
554.2	2.7822e-08
554.4	2.7974e-08
554.6	2.8126e-08
554.8	2.828e-08
555.0	2.8435e-08
555.2	2.859e-08
555.4	2.8746e-08
555.6	2.8903e-08
555.8	2.9061e-08
556.0	2.922e-08
556.2	2.8405e-08
556.4	2.7366e-08
556.6	2.6366e-08
556.8	2.5402e-08
557.0	2.4473e-08
557.2	2.3578e-08
557.4	2.2716e-08
557.6	2.1885e-08
557.8	2.1085e-08
558.0	2.0314e-08
558.2	2.0052e-08
558.4	1.9963e-08
558.6	1.9874e-08
558.8	1.9785e-08
559.0	1.9697e-08
559.2	1.961e-08
559.4	1.9522e-08
559.6	1.9435e-08
559.8	1.9349e-08
560.0	1.9263e-08
560.2	1.8155e-08
560.4	1.7082e-08
560.6	1.6072e-08
560.8	1.5122e-08
561.0	1.4228e-08
561.2	1.3387e-08
561.4	1.2596e-08
561.6	1.1852e-08
561.8	1.1151e-08
562.0	1.0492e-08
562.2	8.9769e-09
562.4	7.5953e-09
562.6	6.4263e-09
562.8	5.4373e-09
563.0	4.6004e-09
563.2	3.8924e-09
563.4	3.2933e-09
563.6	2.7865e-09
563.8	2.3576e-09
564.0	1.9948e-09
564.2	2.277e-09
564.4	2.7459e-09
564.6	3.3114e-09
564.8	3.9933e-09
565.0	4.8157e-09
565.2	5.8074e-09
565.4	7.0033e-09
565.6	8.4455e-09
565.8	1.0185e-08
566.0	1.2282e-08
566.2	1.239e-08
566.4	1.1953e-08
566.6	1.1532e-08
566.8	1.1126e-08
567.0	1.0734e-08
567.2	1.0355e-08
567.4	9.9905e-09
567.6	9.6384e-09
567.8	9.2987e-09
568.0	8.971e-09
568.2	8.8008e-09
568.4	8.6794e-09
568.6	8.5597e-09
568.8	8.4417e-09
569.0	8.3253e-09
569.2	8.2105e-09
569.4	8.0973e-09
569.6	7.9857e-09
569.8	7.8756e-09
570.0	7.767e-09
570.2	7.861e-09
570.4	7.9627e-09
570.6	8.0656e-09
570.8	8.1698e-09
571.0	8.2754e-09
571.2	8.3824e-09
571.4	8.4907e-09
571.6	8.6005e-09
571.8	8.7116e-09
572.0	8.8243e-09
572.2	9.0322e-09
572.4	9.2564e-09
572.6	9.4861e-09
572.8	9.7216e-09
573.0	9.9629e-09
573.2	1.021e-08
573.4	1.0464e-08
573.6	1.0723e-08
573.8	1.0989e-08
574.0	1.1262e-08
574.2	8.8374e-09
574.4	6.6277e-09
574.6	4.9705e-09
574.8	3.7277e-09
575.0	2.7956e-09
575.2	2.0966e-09
575.4	1.5723e-09
575.6	1.1792e-09
575.8	8.8434e-10
576.0	6.6322e-10
576.2	7.9382e-10
576.4	1.0528e-09
576.6	1.3963e-09
576.8	1.8519e-09
577.0	2.456e-09
577.2	3.2574e-09
577.4	4.3201e-09
577.6	5.7296e-09
577.8	7.5989e-09
578.0	1.0078e-08
578.2	1.0846e-08
578.4	1.1024e-08
578.6	1.1205e-08
578.8	1.1389e-08
579.0	1.1575e-08
579.2	1.1765e-08
579.4	1.1958e-08
579.6	1.2154e-08
579.8	1.2353e-08
580.0	1.2556e-08
580.2	1.2384e-08
580.4	1.2196e-08
580.6	1.201e-08
580.8	1.1828e-08
581.0	1.1648e-08
581.2	1.1471e-08
581.4	1.1296e-08
581.6	1.1124e-08
581.8	1.0955e-08
582.0	1.0789e-08
582.2	1.116e-08
582.4	1.1636e-08
582.6	1.2133e-08
582.8	1.2651e-08
583.0	1.3192e-08
583.2	1.3755e-08
583.4	1.4343e-08
583.6	1.4955e-08
583.8	1.5594e-08
584.0	1.626e-08
584.2	1.5951e-08
584.4	1.5447e-08
584.6	1.4959e-08
584.8	1.4486e-08
585.0	1.4029e-08
585.2	1.3585e-08
585.4	1.3156e-08
585.6	1.274e-08
585.8	1.2338e-08
586.0	1.1948e-08
586.2	1.2277e-08
586.4	1.2815e-08
586.6	1.3376e-08
586.8	1.3962e-08
587.0	1.4574e-08
587.2	1.5213e-08
587.4	1.5879e-08
587.6	1.6575e-08
587.8	1.7302e-08
588.0	1.806e-08
588.2	1.7225e-08
588.4	1.598e-08
588.6	1.4826e-08
588.8	1.3754e-08
589.0	1.276e-08
589.2	1.1838e-08
589.4	1.0983e-08
589.6	1.0189e-08
589.8	9.4526e-09
590.0	8.7695e-09
590.2	8.2992e-09
590.4	7.8614e-09
590.6	7.4468e-09
590.8	7.054e-09
591.0	6.6819e-09
591.2	6.3295e-09
591.4	5.9956e-09
591.6	5.6794e-09
591.8	5.3798e-09
592.0	5.096e-09
592.2	4.4877e-09
592.4	3.911e-09
592.6	3.4084e-09
592.8	2.9704e-09
593.0	2.5887e-09
593.2	2.256e-09
593.4	1.9661e-09
593.6	1.7134e-09
593.8	1.4932e-09
594.0	1.3013e-09
594.2	1.4598e-09
594.4	1.7151e-09
594.6	2.0151e-09
594.8	2.3676e-09
595.0	2.7817e-09
595.2	3.2683e-09
595.4	3.84e-09
595.6	4.5117e-09
595.8	5.3009e-09
596.0	6.2281e-09
596.2	6.5057e-09
596.4	6.6224e-09
596.6	6.7413e-09
596.8	6.8622e-09
597.0	6.9854e-09
597.2	7.1107e-09
597.4	7.2383e-09
597.6	7.3682e-09
597.8	7.5004e-09
598.0	7.635e-09
598.2	6.3186e-09
598.4	4.9655e-09
598.6	3.9021e-09
598.8	3.0665e-09
599.0	2.4098e-09
599.2	1.8937e-09
599.4	1.4882e-09
599.6	1.1695e-09
599.8	9.1902e-10
600.0	7.2221e-10
600.2	9.011e-10
600.4	1.158e-09
600.6	1.488e-09
600.8	1.9122e-09
601.0	2.4573e-09
601.2	3.1578e-09
601.4	4.0579e-09
601.6	5.2147e-09
601.8	6.7011e-09
602.0	8.6114e-09
602.2	8.183e-09
602.4	7.3879e-09
602.6	6.6701e-09
602.8	6.022e-09
603.0	5.4369e-09
603.2	4.9087e-09
603.4	4.4317e-09
603.6	4.0011e-09
603.8	3.6124e-09
604.0	3.2614e-09
604.2	3.4447e-09
604.4	3.757e-09
604.6	4.0977e-09
604.8	4.4693e-09
605.0	4.8745e-09
605.2	5.3165e-09
605.4	5.7986e-09
605.6	6.3244e-09
605.8	6.8979e-09
606.0	7.5234e-09
606.2	8.259e-09
606.4	9.0802e-09
606.6	9.9831e-09
606.8	1.0976e-08
607.0	1.2067e-08
607.2	1.3267e-08
607.4	1.4586e-08
607.6	1.6037e-08
607.8	1.7632e-08
608.0	1.9385e-08
608.2	1.947e-08
608.4	1.9105e-08
608.6	1.8747e-08
608.8	1.8395e-08
609.0	1.8051e-08
609.2	1.7712e-08
609.4	1.738e-08
609.6	1.7054e-08
609.8	1.6735e-08
610.0	1.6421e-08
610.2	1.5797e-08
610.4	1.5174e-08
610.6	1.4576e-08
610.8	1.4002e-08
611.0	1.345e-08
611.2	1.292e-08
611.4	1.241e-08
611.6	1.1921e-08
611.8	1.1451e-08
612.0	1.1e-08
612.2	1.0874e-08
612.4	1.0811e-08
612.6	1.0748e-08
612.8	1.0685e-08
613.0	1.0623e-08
613.2	1.0561e-08
613.4	1.0499e-08
613.6	1.0438e-08
613.8	1.0378e-08
614.0	1.0317e-08
614.2	8.2139e-09
614.4	6.2282e-09
614.6	4.7225e-09
614.8	3.5809e-09
615.0	2.7152e-09
615.2	2.0588e-09
615.4	1.5611e-09
615.6	1.1837e-09
615.8	8.9755e-10
616.0	6.8057e-10
616.2	7.8955e-10
616.4	1.0121e-09
616.6	1.2973e-09
616.8	1.663e-09
617.0	2.1316e-09
617.2	2.7324e-09
617.4	3.5025e-09
617.6	4.4896e-09
617.8	5.755e-09
618.0	7.377e-09
618.2	7.6616e-09
618.4	7.5493e-09
618.6	7.4387e-09
618.8	7.3297e-09
619.0	7.2223e-09
619.2	7.1165e-09
619.4	7.0122e-09
619.6	6.9095e-09
619.8	6.8082e-09
620.0	6.7085e-09
620.2	7.1104e-09
620.4	7.5844e-09
620.6	8.09e-09
620.8	8.6294e-09
621.0	9.2046e-09
621.2	9.8182e-09
621.4	1.0473e-08
621.6	1.1171e-08
621.8	1.1916e-08
622.0	1.271e-08
622.2	1.2552e-08
622.4	1.2201e-08
622.6	1.1861e-08
622.8	1.153e-08
623.0	1.1208e-08
623.2	1.0895e-08
623.4	1.0591e-08
623.6	1.0295e-08
623.8	1.0008e-08
624.0	9.7285e-09
624.2	9.8195e-09
624.4	9.9936e-09
624.6	1.0171e-08
624.8	1.0351e-08
625.0	1.0535e-08
625.2	1.0721e-08
625.4	1.0911e-08
625.6	1.1105e-08
625.8	1.1302e-08
626.0	1.1502e-08
626.2	1.0678e-08
626.4	9.7083e-09
626.6	8.8267e-09
626.8	8.0252e-09
627.0	7.2964e-09
627.2	6.6338e-09
627.4	6.0314e-09
627.6	5.4837e-09
627.8	4.9857e-09
628.0	4.533e-09
628.2	4.474e-09
628.4	4.5016e-09
628.6	4.5295e-09
628.8	4.5574e-09
629.0	4.5856e-09
629.2	4.614e-09
629.4	4.6425e-09
629.6	4.6712e-09
629.8	4.7e-09
630.0	4.7291e-09
630.2	4.7649e-09
630.4	4.8016e-09
630.6	4.8385e-09
630.8	4.8758e-09
631.0	4.9133e-09
631.2	4.9512e-09
631.4	4.9893e-09
631.6	5.0277e-09
631.8	5.0664e-09
632.0	5.1054e-09
632.2	4.9211e-09
632.4	4.6973e-09
632.6	4.4837e-09
632.8	4.2798e-09
633.0	4.0852e-09
633.2	3.8995e-09
633.4	3.7221e-09
633.6	3.5529e-09
633.8	3.3913e-09
634.0	3.2371e-09
634.2	3.0788e-09
634.4	2.9259e-09
634.6	2.7805e-09
634.8	2.6424e-09
635.0	2.5111e-09
635.2	2.3864e-09
635.4	2.2679e-09
635.6	2.1552e-09
635.8	2.0481e-09
636.0	1.9464e-09
636.2	2.2001e-09
636.4	2.5867e-09
636.6	3.0412e-09
636.8	3.5756e-09
637.0	4.2039e-09
637.2	4.9427e-09
637.4	5.8112e-09
637.6	6.8324e-09
637.8	8.033e-09
638.0	9.4446e-09
638.2	7.8474e-09
638.4	6.0419e-09
638.6	4.6518e-09
638.8	3.5815e-09
639.0	2.7575e-09
639.2	2.1231e-09
639.4	1.6346e-09
639.6	1.2585e-09
639.8	9.6896e-10
640.0	7.4602e-10
640.2	7.1827e-10
640.4	7.0895e-10
640.6	6.9974e-10
640.8	6.9066e-10
641.0	6.8169e-10
641.2	6.7284e-10
641.4	6.641e-10
641.6	6.5548e-10
641.8	6.4697e-10
642.0	6.3857e-10
642.2	7.7211e-10
642.4	9.8063e-10
642.6	1.2455e-09
642.8	1.5818e-09
643.0	2.009e-09
643.2	2.5515e-09
643.4	3.2406e-09
643.6	4.1158e-09
643.8	5.2273e-09
644.0	6.639e-09
644.2	6.6988e-09
644.4	6.4039e-09
644.6	6.122e-09
644.8	5.8526e-09
645.0	5.595e-09
645.2	5.3487e-09
645.4	5.1133e-09
645.6	4.8882e-09
645.8	4.673e-09
646.0	4.4674e-09
646.2	3.7794e-09
646.4	3.1099e-09
646.6	2.5591e-09
646.8	2.1058e-09
647.0	1.7327e-09
647.2	1.4258e-09
647.4	1.1732e-09
647.6	9.6542e-10
647.8	7.9441e-10
648.0	6.5369e-10
648.2	7.8288e-10
648.4	1.0153e-09
648.6	1.3167e-09
648.8	1.7076e-09
649.0	2.2146e-09
649.2	2.872e-09
649.4	3.7246e-09
649.6	4.8304e-09
649.8	6.2644e-09
650.0	8.1242e-09
650.2	8.2708e-09
650.4	8.1719e-09
650.6	8.0741e-09
650.8	7.9775e-09
651.0	7.8821e-09
651.2	7.7878e-09
651.4	7.6947e-09
651.6	7.6026e-09
651.8	7.5117e-09
652.0	7.4218e-09
652.2	7.1766e-09
652.4	6.8986e-09
652.6	6.6314e-09
652.8	6.3745e-09
653.0	6.1276e-09
653.2	5.8902e-09
653.4	5.6621e-09
653.6	5.4428e-09
653.8	5.2319e-09
654.0	5.0293e-09
654.2	5.3913e-09
654.4	5.9443e-09
654.6	6.5539e-09
654.8	7.2261e-09
655.0	7.9672e-09
655.2	8.7843e-09
655.4	9.6852e-09
655.6	1.0678e-08
655.8	1.1774e-08
656.0	1.2981e-08
656.2	1.0349e-08
656.4	7.628e-09
656.6	5.6222e-09
656.8	4.1438e-09
657.0	3.0542e-09
657.2	2.2511e-09
657.4	1.6592e-09
657.6	1.2229e-09
657.8	9.0133e-10
658.0	6.6432e-10
658.2	7.1982e-10
658.4	8.4639e-10
658.6	9.9522e-10
658.8	1.1702e-09
659.0	1.376e-09
659.2	1.6179e-09
659.4	1.9024e-09
659.6	2.2369e-09
659.8	2.6302e-09
660.0	3.0927e-09
660.2	3.4694e-09
660.4	3.8705e-09
660.6	4.318e-09
660.8	4.8172e-09
661.0	5.3742e-09
661.2	5.9956e-09
661.4	6.6888e-09
661.6	7.4622e-09
661.8	8.3249e-09
662.0	9.2875e-09
662.2	7.6482e-09
662.4	5.8379e-09
662.6	4.4561e-09
662.8	3.4014e-09
663.0	2.5963e-09
663.2	1.9818e-09
663.4	1.5127e-09
663.6	1.1547e-09
663.8	8.8136e-10
664.0	6.7275e-10
664.2	7.6566e-10
664.4	9.5411e-10
664.6	1.1889e-09
664.8	1.4816e-09
665.0	1.8462e-09
665.2	2.3006e-09
665.4	2.8669e-09
665.6	3.5725e-09
665.8	4.4518e-09
666.0	5.5475e-09
666.2	4.7846e-09
666.4	3.8371e-09
666.6	3.0772e-09
666.8	2.4679e-09
667.0	1.9792e-09
667.2	1.5872e-09
667.4	1.2729e-09
667.6	1.0208e-09
667.8	8.1869e-10
668.0	6.5656e-10
668.2	7.7172e-10
668.4	9.6782e-10
668.6	1.2138e-09
668.8	1.5222e-09
669.0	1.909e-09
669.2	2.3941e-09
669.4	3.0024e-09
669.6	3.7654e-09
669.8	4.7222e-09
670.0	5.9222e-09
670.2	4.9799e-09
670.4	3.9857e-09
670.6	3.19e-09
670.8	2.5532e-09
671.0	2.0435e-09
671.2	1.6355e-09
671.4	1.309e-09
671.6	1.0477e-09
671.8	8.3851e-10
672.0	6.7111e-10
672.2	6.4189e-10
672.4	6.4192e-10
672.6	6.4194e-10
672.8	6.4196e-10
673.0	6.4199e-10
673.2	6.4201e-10
673.4	6.4203e-10
673.6	6.4206e-10
673.8	6.4208e-10
674.0	6.421e-10
674.2	6.4181e-10
674.4	6.4144e-10
674.6	6.4108e-10
674.8	6.4072e-10
675.0	6.4036e-10
675.2	6.3999e-10
675.4	6.3963e-10
675.6	6.3927e-10
675.8	6.3891e-10
676.0	6.3855e-10
676.2	6.3863e-10
676.4	6.3879e-10
676.6	6.3896e-10
676.8	6.3912e-10
677.0	6.3928e-10
677.2	6.3945e-10
677.4	6.3961e-10
677.6	6.3978e-10
677.8	6.3994e-10
678.0	6.401e-10
678.2	1.0095e-09
678.4	1.6941e-09
678.6	2.8429e-09
678.8	4.7708e-09
679.0	8.006e-09
679.2	1.3435e-08
679.4	2.2546e-08
679.6	3.7835e-08
679.8	6.3492e-08
680.0	1.0655e-07
680.2	1.2473e-07
680.4	1.3901e-07
680.6	1.5493e-07
680.8	1.7267e-07
681.0	1.9245e-07
681.2	2.1449e-07
681.4	2.3905e-07
681.6	2.6643e-07
681.8	2.9694e-07
682.0	3.3094e-07
682.2	3.2984e-07
682.4	3.1911e-07
682.6	3.0873e-07
682.8	2.9869e-07
683.0	2.8898e-07
683.2	2.7958e-07
683.4	2.7049e-07
683.6	2.6169e-07
683.8	2.5318e-07
684.0	2.4495e-07
684.2	2.3115e-07
684.4	2.1693e-07
684.6	2.036e-07
684.8	1.9108e-07
685.0	1.7933e-07
685.2	1.683e-07
685.4	1.5795e-07
685.6	1.4824e-07
685.8	1.3913e-07
686.0	1.3057e-07
686.2	1.2465e-07
686.4	1.1936e-07
686.6	1.1429e-07
686.8	1.0944e-07
687.0	1.0479e-07
687.2	1.0034e-07
687.4	9.6078e-08
687.6	9.1998e-08
687.8	8.8091e-08
688.0	8.435e-08
688.2	7.9955e-08
688.4	7.569e-08
688.6	7.1652e-08
688.8	6.7829e-08
689.0	6.4211e-08
689.2	6.0785e-08
689.4	5.7542e-08
689.6	5.4473e-08
689.8	5.1567e-08
690.0	4.8816e-08
690.2	4.5165e-08
690.4	4.1645e-08
690.6	3.84e-08
690.8	3.5407e-08
691.0	3.2648e-08
691.2	3.0103e-08
691.4	2.7757e-08
691.6	2.5594e-08
691.8	2.3599e-08
692.0	2.176e-08
692.2	2.2886e-08
692.4	2.5008e-08
692.6	2.7326e-08
692.8	2.9859e-08
693.0	3.2627e-08
693.2	3.5652e-08
693.4	3.8957e-08
693.6	4.2568e-08
693.8	4.6514e-08
694.0	5.0826e-08
694.2	5.1719e-08
694.4	5.1756e-08
694.6	5.1793e-08
694.8	5.183e-08
695.0	5.1867e-08
695.2	5.1904e-08
695.4	5.1941e-08
695.6	5.1978e-08
695.8	5.2015e-08
696.0	5.2052e-08
696.2	4.9674e-08
696.4	4.7009e-08
696.6	4.4486e-08
696.8	4.21e-08
697.0	3.9841e-08
697.2	3.7703e-08
697.4	3.568e-08
697.6	3.3766e-08
697.8	3.1954e-08
698.0	3.024e-08
698.2	2.8279e-08
698.4	2.6407e-08
698.6	2.4658e-08
698.8	2.3026e-08
699.0	2.1501e-08
699.2	2.0077e-08
699.4	1.8748e-08
699.6	1.7507e-08
699.8	1.6348e-08
700.0	1.5265e-08
700.2	1.5563e-08
700.4	1.6094e-08
700.6	1.6644e-08
700.8	1.7213e-08
701.0	1.7801e-08
701.2	1.8409e-08
701.4	1.9038e-08
701.6	1.9689e-08
701.8	2.0361e-08
702.0	2.1057e-08
702.2	2.1326e-08
702.4	2.1455e-08
702.6	2.1586e-08
702.8	2.1718e-08
703.0	2.185e-08
703.2	2.1983e-08
703.4	2.2117e-08
703.6	2.2251e-08
703.8	2.2387e-08
704.0	2.2523e-08
704.2	2.4372e-08
704.4	2.6857e-08
704.6	2.9596e-08
704.8	3.2614e-08
705.0	3.594e-08
705.2	3.9605e-08
705.4	4.3643e-08
705.6	4.8094e-08
705.8	5.2998e-08
706.0	5.8402e-08
706.2	6.5325e-08
706.4	7.3267e-08
706.6	8.2176e-08
706.8	9.2168e-08
707.0	1.0337e-07
707.2	1.1594e-07
707.4	1.3004e-07
707.6	1.4585e-07
707.8	1.6359e-07
708.0	1.8348e-07
708.2	2.2676e-07
708.4	2.8364e-07
708.6	3.5479e-07
708.8	4.4378e-07
709.0	5.551e-07
709.2	6.9433e-07
709.4	8.6849e-07
709.6	1.0863e-06
709.8	1.3588e-06
710.0	1.6997e-06
710.2	1.6973e-06
710.4	1.6339e-06
710.6	1.5729e-06
710.8	1.5142e-06
711.0	1.4576e-06
711.2	1.4032e-06
711.4	1.3508e-06
711.6	1.3004e-06
711.8	1.2518e-06
712.0	1.2051e-06
712.2	1.1224e-06
712.4	1.0346e-06
712.6	9.5367e-07
712.8	8.7905e-07
713.0	8.1028e-07
713.2	7.4688e-07
713.4	6.8845e-07
713.6	6.3459e-07
713.8	5.8494e-07
714.0	5.3917e-07
714.2	5.3343e-07
714.4	5.3659e-07
714.6	5.3976e-07
714.8	5.4295e-07
715.0	5.4616e-07
715.2	5.4939e-07
715.4	5.5264e-07
715.6	5.559e-07
715.8	5.5919e-07
716.0	5.625e-07
716.2	5.7609e-07
716.4	5.9174e-07
716.6	6.0782e-07
716.8	6.2434e-07
717.0	6.413e-07
717.2	6.5873e-07
717.4	6.7663e-07
717.6	6.9501e-07
717.8	7.1389e-07
718.0	7.3329e-07
718.2	7.0973e-07
718.4	6.8314e-07
718.6	6.5754e-07
718.8	6.329e-07
719.0	6.0919e-07
719.2	5.8637e-07
719.4	5.644e-07
719.6	5.4325e-07
719.8	5.229e-07
720.0	5.0331e-07
720.2	4.6731e-07
720.4	4.307e-07
720.6	3.9695e-07
720.8	3.6585e-07
721.0	3.3719e-07
721.2	3.1077e-07
721.4	2.8642e-07
721.6	2.6398e-07
721.8	2.433e-07
722.0	2.2424e-07
722.2	2.0949e-07
722.4	1.9677e-07
722.6	1.8482e-07
722.8	1.7359e-07
723.0	1.6305e-07
723.2	1.5315e-07
723.4	1.4385e-07
723.6	1.3511e-07
723.8	1.2691e-07
724.0	1.192e-07
724.2	1.1382e-07
724.4	1.0922e-07
724.6	1.0481e-07
724.8	1.0057e-07
725.0	9.6504e-08
725.2	9.2604e-08
725.4	8.886e-08
725.6	8.5268e-08
725.8	8.1822e-08
726.0	7.8514e-08
726.2	7.891e-08
726.4	8.0062e-08
726.6	8.1232e-08
726.8	8.2419e-08
727.0	8.3623e-08
727.2	8.4845e-08
727.4	8.6085e-08
727.6	8.7342e-08
727.8	8.8618e-08
728.0	8.9913e-08
728.2	9.0249e-08
728.4	9.0465e-08
728.6	9.0682e-08
728.8	9.09e-08
729.0	9.1118e-08
729.2	9.1337e-08
729.4	9.1556e-08
729.6	9.1775e-08
729.8	9.1996e-08
730.0	9.2216e-08
730.2	9.1293e-08
730.4	9.0165e-08
730.6	8.905e-08
730.8	8.795e-08
731.0	8.6863e-08
731.2	8.5789e-08
731.4	8.4729e-08
731.6	8.3682e-08
731.8	8.2648e-08
732.0	8.1626e-08
732.2	7.9914e-08
732.4	7.7997e-08
732.6	7.6126e-08
732.8	7.4301e-08
733.0	7.2518e-08
733.2	7.0779e-08
733.4	6.9081e-08
733.6	6.7424e-08
733.8	6.5807e-08
734.0	6.4229e-08
734.2	6.1314e-08
734.4	5.8219e-08
734.6	5.528e-08
734.8	5.2489e-08
735.0	4.9839e-08
735.2	4.7323e-08
735.4	4.4934e-08
735.6	4.2666e-08
735.8	4.0512e-08
736.0	3.8467e-08
736.2	3.9357e-08
736.4	4.0719e-08
736.6	4.2129e-08
736.8	4.3588e-08
737.0	4.5097e-08
737.2	4.6658e-08
737.4	4.8273e-08
737.6	4.9944e-08
737.8	5.1673e-08
738.0	5.3462e-08
738.2	6.0708e-08
738.4	6.9383e-08
738.6	7.9297e-08
738.8	9.0629e-08
739.0	1.0358e-07
739.2	1.1838e-07
739.4	1.353e-07
739.6	1.5463e-07
739.8	1.7673e-07
740.0	2.0198e-07
740.2	2.4554e-07
740.4	3.0216e-07
740.6	3.7183e-07
740.8	4.5756e-07
741.0	5.6306e-07
741.2	6.9288e-07
741.4	8.5264e-07
741.6	1.0492e-06
741.8	1.2912e-06
742.0	1.5889e-06
742.2	1.5534e-06
742.4	1.3949e-06
742.6	1.2525e-06
742.8	1.1247e-06
743.0	1.0099e-06
743.2	9.0679e-07
743.4	8.1424e-07
743.6	7.3114e-07
743.8	6.5651e-07
744.0	5.8951e-07
744.2	5.0107e-07
744.4	4.1992e-07
744.6	3.5191e-07
744.8	2.9492e-07
745.0	2.4716e-07
745.2	2.0713e-07
745.4	1.7358e-07
745.6	1.4547e-07
745.8	1.2191e-07
746.0	1.0217e-07
746.2	9.0138e-08
746.4	8.0166e-08
746.6	7.1297e-08
746.8	6.3409e-08
747.0	5.6394e-08
747.2	5.0155e-08
747.4	4.4606e-08
747.6	3.9671e-08
747.8	3.5282e-08
748.0	3.1379e-08
748.2	3.4653e-08
748.4	3.8802e-08
748.6	4.3447e-08
748.8	4.8648e-08
749.0	5.4472e-08
749.2	6.0993e-08
749.4	6.8295e-08
749.6	7.6471e-08
749.8	8.5626e-08
750.0	9.5877e-08
750.2	1.0305e-07
750.4	1.098e-07
750.6	1.17e-07
750.8	1.2467e-07
751.0	1.3283e-07
751.2	1.4154e-07
751.4	1.5081e-07
751.6	1.607e-07
751.8	1.7123e-07
752.0	1.8245e-07
752.2	1.798e-07
752.4	1.715e-07
752.6	1.6359e-07
752.8	1.5603e-07
753.0	1.4883e-07
753.2	1.4196e-07
753.4	1.3541e-07
753.6	1.2916e-07
753.8	1.2319e-07
754.0	1.1751e-07
754.2	1.132e-07
754.4	1.0936e-07
754.6	1.0565e-07
754.8	1.0206e-07
755.0	9.8599e-08
755.2	9.5253e-08
755.4	9.2021e-08
755.6	8.8898e-08
755.8	8.5881e-08
756.0	8.2967e-08
756.2	7.7112e-08
756.4	7.122e-08
756.6	6.5778e-08
756.8	6.0753e-08
757.0	5.6111e-08
757.2	5.1824e-08
757.4	4.7864e-08
757.6	4.4207e-08
757.8	4.083e-08
758.0	3.771e-08
758.2	4.0624e-08
758.4	4.4194e-08
758.6	4.8078e-08
758.8	5.2304e-08
759.0	5.6901e-08
759.2	6.1902e-08
759.4	6.7343e-08
759.6	7.3262e-08
759.8	7.9701e-08
760.0	8.6706e-08
760.2	8.761e-08
760.4	8.7146e-08
760.6	8.6685e-08
760.8	8.6226e-08
761.0	8.577e-08
761.2	8.5316e-08
761.4	8.4864e-08
761.6	8.4415e-08
761.8	8.3968e-08
762.0	8.3524e-08
762.2	8.2243e-08
762.4	8.0646e-08
762.6	7.9081e-08
762.8	7.7546e-08
763.0	7.6041e-08
763.2	7.4564e-08
763.4	7.3117e-08
763.6	7.1698e-08
763.8	7.0306e-08
764.0	6.8941e-08
764.2	6.2623e-08
764.4	5.5738e-08
764.6	4.961e-08
764.8	4.4156e-08
765.0	3.9301e-08
765.2	3.4981e-08
765.4	3.1135e-08
765.6	2.7712e-08
765.8	2.4665e-08
766.0	2.1953e-08
766.2	2.4903e-08
766.4	2.9245e-08
766.6	3.4345e-08
766.8	4.0333e-08
767.0	4.7365e-08
767.2	5.5624e-08
767.4	6.5322e-08
767.6	7.6712e-08
767.8	9.0087e-08
768.0	1.0579e-07
768.2	9.4795e-08
768.4	8.3986e-08
768.6	7.4411e-08
768.8	6.5927e-08
769.0	5.841e-08
769.2	5.175e-08
769.4	4.585e-08
769.6	4.0622e-08
769.8	3.5991e-08
770.0	3.1887e-08
770.2	3.1133e-08
770.4	3.103e-08
770.6	3.0926e-08
770.8	3.0824e-08
771.0	3.0721e-08
771.2	3.0619e-08
771.4	3.0517e-08
771.6	3.0416e-08
771.8	3.0315e-08
772.0	3.0214e-08
772.2	2.9463e-08
772.4	2.8437e-08
772.6	2.7446e-08
772.8	2.649e-08
773.0	2.5567e-08
773.2	2.4676e-08
773.4	2.3817e-08
773.6	2.2987e-08
773.8	2.2186e-08
774.0	2.1414e-08
774.2	2.1572e-08
774.4	2.2019e-08
774.6	2.2475e-08
774.8	2.2941e-08
775.0	2.3417e-08
775.2	2.3902e-08
775.4	2.4398e-08
775.6	2.4903e-08
775.8	2.5419e-08
776.0	2.5946e-08
776.2	2.5874e-08
776.4	2.5705e-08
776.6	2.5537e-08
776.8	2.537e-08
777.0	2.5204e-08
777.2	2.5039e-08
777.4	2.4875e-08
777.6	2.4712e-08
777.8	2.455e-08
778.0	2.439e-08
778.2	2.4263e-08
778.4	2.4139e-08
778.6	2.4016e-08
778.8	2.3893e-08
779.0	2.3771e-08
779.2	2.365e-08
779.4	2.3529e-08
779.6	2.3409e-08
779.8	2.3289e-08
780.0	2.317e-08
780.2	2.3913e-08
780.4	2.4873e-08
780.6	2.5872e-08
780.8	2.691e-08
781.0	2.7991e-08
781.2	2.9114e-08
781.4	3.0283e-08
781.6	3.1498e-08
781.8	3.2763e-08
782.0	3.4078e-08
782.2	3.4734e-08
782.4	3.5089e-08
782.6	3.5447e-08
782.8	3.5809e-08
783.0	3.6174e-08
783.2	3.6544e-08
783.4	3.6917e-08
783.6	3.7294e-08
783.8	3.7674e-08
784.0	3.8059e-08
784.2	3.8447e-08
784.4	3.884e-08
784.6	3.921e-08
784.8	3.9455e-08
785.0	3.9701e-08
785.2	3.995e-08
785.4	4.0199e-08
785.6	4.0451e-08
785.8	4.0704e-08
786.0	4.0958e-08
786.2	4.1214e-08
786.4	4.1472e-08
786.6	4.1703e-08
786.8	4.1857e-08
787.0	4.2011e-08
787.2	4.2166e-08
787.4	4.2322e-08
787.6	4.2478e-08
787.8	4.2635e-08
788.0	4.2792e-08
788.2	4.295e-08
788.4	4.3109e-08
788.6	4.3216e-08
788.8	4.3236e-08
789.0	4.3255e-08
789.2	4.3275e-08
789.4	4.3295e-08
789.6	4.3314e-08
789.8	4.3334e-08
790.0	4.3353e-08
790.2	4.3373e-08
790.4	4.3393e-08
790.6	4.3777e-08
790.8	4.4575e-08
791.0	4.5387e-08
791.2	4.6214e-08
791.4	4.7057e-08
791.6	4.7914e-08
791.8	4.8787e-08
792.0	4.9676e-08
792.2	5.0582e-08
792.4	5.1504e-08
792.6	5.2442e-08
792.8	5.3398e-08
793.0	5.4371e-08
793.2	5.3977e-08
793.4	5.3529e-08
793.6	5.3085e-08
793.8	5.2645e-08
794.0	5.2208e-08
794.2	5.1775e-08
794.4	5.1346e-08
794.6	5.092e-08
794.8	5.0498e-08
795.0	4.7627e-08
795.2	2.1818e-08
795.4	9.9944e-09
795.6	4.5784e-09
795.8	2.0973e-09
796.0	9.6076e-10
796.2	5.9678e-10
796.4	5.9685e-10
796.6	5.9692e-10
796.8	5.9699e-10
797.0	5.9706e-10
797.2	5.9713e-10
797.4	5.972e-10
797.6	5.9727e-10
797.8	5.9734e-10
798.0	5.9741e-10
798.2	5.9758e-10
798.4	5.9787e-10
798.6	5.9815e-10
798.8	5.9843e-10
799.0	5.9872e-10
799.2	5.99e-10
799.4	5.9929e-10
799.6	5.9957e-10
799.8	5.9986e-10
800.0	6.0014e-10
800.2	6.0034e-10
800.4	6.0047e-10
800.6	6.0061e-10
800.8	6.0074e-10
801.0	6.0087e-10
801.2	6.0101e-10
801.4	6.0114e-10
801.6	6.0127e-10
801.8	6.0141e-10
802.0	6.0154e-10
802.2	6.0162e-10
802.4	6.0169e-10
802.6	6.0175e-10
802.8	6.0181e-10
803.0	6.0188e-10
803.2	6.0194e-10
803.4	6.02e-10
803.6	6.0206e-10
803.8	6.0213e-10
804.0	6.0219e-10
804.2	6.0257e-10
804.4	6.0303e-10
804.6	6.0348e-10
804.8	6.0394e-10
805.0	6.044e-10
805.2	6.0485e-10
805.4	6.0531e-10
805.6	6.0577e-10
805.8	6.0623e-10
806.0	6.0668e-10
806.2	6.0692e-10
806.4	6.0678e-10
806.6	6.0665e-10
806.8	6.0651e-10
807.0	6.0637e-10
807.2	6.0624e-10
807.4	6.061e-10
807.6	6.0596e-10
807.8	6.0583e-10
808.0	6.0569e-10
808.2	6.2618e-10
808.4	6.7127e-10
808.6	7.1962e-10
808.8	7.7145e-10
809.0	8.2701e-10
809.2	8.8657e-10
809.4	9.5042e-10
809.6	1.0189e-09
809.8	1.0923e-09
810.0	1.1709e-09
810.2	1.1554e-09
810.4	1.0777e-09
810.6	1.0051e-09
810.8	9.3743e-10
811.0	8.7432e-10
811.2	8.1546e-10
811.4	7.6056e-10
811.6	7.0935e-10
811.8	6.6159e-10
812.0	6.1705e-10
812.2	6.0532e-10
812.4	6.0619e-10
812.6	6.0706e-10
812.8	6.0793e-10
813.0	6.0881e-10
813.2	6.0968e-10
813.4	6.1056e-10
813.6	6.1143e-10
813.8	6.1231e-10
814.0	6.1319e-10
814.2	7.7421e-10
814.4	1.0268e-09
814.6	1.3617e-09
814.8	1.8059e-09
815.0	2.3949e-09
815.2	3.1762e-09
815.4	4.2122e-09
815.6	5.5863e-09
815.8	7.4085e-09
816.0	9.8252e-09
816.2	1.0546e-08
816.4	7.8356e-09
816.6	5.8216e-09
816.8	4.3252e-09
817.0	3.2135e-09
817.2	2.3875e-09
817.4	1.7738e-09
817.6	1.3179e-09
817.8	9.7915e-10
818.0	7.2747e-10
818.2	7.2789e-10
818.4	1.0055e-09
818.6	1.3889e-09
818.8	1.9185e-09
819.0	2.6501e-09
819.2	3.6607e-09
819.4	5.0566e-09
819.6	6.9848e-09
819.8	9.6484e-09
820.0	1.3328e-08
820.2	1.5408e-08
820.4	1.5782e-08
820.6	1.6164e-08
820.8	1.6555e-08
821.0	1.6956e-08
821.2	1.7366e-08
821.4	1.7787e-08
821.6	1.8218e-08
821.8	1.8659e-08
822.0	1.9111e-08
822.2	1.7768e-08
822.4	1.5909e-08
822.6	1.4245e-08
822.8	1.2754e-08
823.0	1.142e-08
823.2	1.0225e-08
823.4	9.1557e-09
823.6	8.1979e-09
823.8	7.3403e-09
824.0	6.5724e-09
824.2	7.487e-09
824.4	8.9293e-09
824.6	1.0649e-08
824.8	1.2701e-08
825.0	1.5148e-08
825.2	1.8066e-08
825.4	2.1546e-08
825.6	2.5696e-08
825.8	3.0646e-08
826.0	3.655e-08
826.2	4.0687e-08
826.4	4.0068e-08
826.6	3.9458e-08
826.8	3.8857e-08
827.0	3.8265e-08
827.2	3.7683e-08
827.4	3.7109e-08
827.6	3.6544e-08
827.8	3.5988e-08
828.0	3.544e-08
828.2	3.5432e-08
828.4	3.6009e-08
828.6	3.6595e-08
828.8	3.7191e-08
829.0	3.7797e-08
829.2	3.8412e-08
829.4	3.9038e-08
829.6	3.9673e-08
829.8	4.0319e-08
830.0	4.0976e-08
830.2	4.0906e-08
830.4	4.0364e-08
830.6	3.9829e-08
830.8	3.9301e-08
831.0	3.878e-08
831.2	3.8266e-08
831.4	3.7759e-08
831.6	3.7258e-08
831.8	3.6764e-08
832.0	3.6277e-08
832.2	3.4959e-08
832.4	3.3404e-08
832.6	3.1917e-08
832.8	3.0497e-08
833.0	2.914e-08
833.2	2.7843e-08
833.4	2.6604e-08
833.6	2.542e-08
833.8	2.4289e-08
834.0	2.3208e-08
834.2	2.5093e-08
834.4	2.766e-08
834.6	3.0489e-08
834.8	3.3608e-08
835.0	3.7046e-08
835.2	4.0836e-08
835.4	4.5014e-08
835.6	4.9618e-08
835.8	5.4694e-08
836.0	6.0289e-08
836.2	6.4074e-08
836.4	6.3728e-08
836.6	6.3383e-08
836.8	6.304e-08
837.0	6.2699e-08
837.2	6.236e-08
837.4	6.2022e-08
837.6	6.1687e-08
837.8	6.1353e-08
838.0	6.1021e-08
838.2	6.1423e-08
838.4	6.2636e-08
838.6	6.3873e-08
838.8	6.5134e-08
839.0	6.642e-08
839.2	6.7732e-08
839.4	6.907e-08
839.6	7.0433e-08
839.8	7.1824e-08
840.0	7.3243e-08
840.2	7.2333e-08
840.4	7.0015e-08
840.6	6.7772e-08
840.8	6.5601e-08
841.0	6.3499e-08
841.2	6.1464e-08
841.4	5.9495e-08
841.6	5.7589e-08
841.8	5.5743e-08
842.0	5.3957e-08
842.2	5.4097e-08
842.4	5.4875e-08
842.6	5.5665e-08
842.8	5.6467e-08
843.0	5.7279e-08
843.2	5.8104e-08
843.4	5.894e-08
843.6	5.9789e-08
843.8	6.0649e-08
844.0	6.1522e-08
844.2	6.3182e-08
844.4	6.499e-08
844.6	6.685e-08
844.8	6.8764e-08
845.0	7.0732e-08
845.2	7.2756e-08
845.4	7.4839e-08
845.6	7.6981e-08
845.8	7.9184e-08
846.0	8.145e-08
846.2	8.3311e-08
846.4	8.4289e-08
846.6	8.5278e-08
846.8	8.6278e-08
847.0	8.7291e-08
847.2	8.8315e-08
847.4	8.9351e-08
847.6	9.04e-08
847.8	9.1461e-08
848.0	9.2534e-08
848.2	9.2398e-08
848.4	9.0933e-08
848.6	8.9491e-08
848.8	8.8072e-08
849.0	8.6675e-08
849.2	8.5301e-08
849.4	8.3948e-08
849.6	8.2617e-08
849.8	8.1307e-08
850.0	8.0018e-08
850.2	7.9852e-08
850.4	8.0384e-08
850.6	8.0919e-08
850.8	8.1458e-08
851.0	8.2e-08
851.2	8.2546e-08
851.4	8.3096e-08
851.6	8.3649e-08
851.8	8.4206e-08
852.0	8.4767e-08
852.2	8.4726e-08
852.4	8.4489e-08
852.6	8.4254e-08
852.8	8.4019e-08
853.0	8.3784e-08
853.2	8.355e-08
853.4	8.3317e-08
853.6	8.3085e-08
853.8	8.2853e-08
854.0	8.2622e-08
854.2	8.3604e-08
854.4	8.4736e-08
854.6	8.5883e-08
854.8	8.7046e-08
855.0	8.8224e-08
855.2	8.9418e-08
855.4	9.0628e-08
855.6	9.1855e-08
855.8	9.3099e-08
856.0	9.4359e-08
856.2	9.5265e-08
856.4	9.5458e-08
856.6	9.5651e-08
856.8	9.5844e-08
857.0	9.6038e-08
857.2	9.6233e-08
857.4	9.6427e-08
857.6	9.6622e-08
857.8	9.6818e-08
858.0	9.7013e-08
858.2	9.7063e-08
858.4	9.6957e-08
858.6	9.6851e-08
858.8	9.6745e-08
859.0	9.6639e-08
859.2	9.6533e-08
859.4	9.6428e-08
859.6	9.6322e-08
859.8	9.6217e-08
860.0	9.6111e-08
860.2	9.5425e-08
860.4	9.4406e-08
860.6	9.3398e-08
860.8	9.2401e-08
861.0	9.1415e-08
861.2	9.0438e-08
861.4	8.9473e-08
861.6	8.8518e-08
861.8	8.7572e-08
862.0	8.6637e-08
862.2	8.7855e-08
862.4	8.9711e-08
862.6	9.1607e-08
862.8	9.3543e-08
863.0	9.552e-08
863.2	9.7539e-08
863.4	9.96e-08
863.6	1.0171e-07
863.8	1.0385e-07
864.0	1.0605e-07
864.2	1.0751e-07
864.4	1.0893e-07
864.6	1.1038e-07
864.8	1.1184e-07
865.0	1.1332e-07
865.2	1.1482e-07
865.4	1.1634e-07
865.6	1.1788e-07
865.8	1.1944e-07
866.0	1.2102e-07
866.2	1.2274e-07
866.4	1.2474e-07
866.6	1.2677e-07
866.8	1.2883e-07
867.0	1.3093e-07
867.2	1.3306e-07
867.4	1.3522e-07
867.6	1.3742e-07
867.8	1.3966e-07
868.0	1.4193e-07
868.2	1.4294e-07
868.4	1.4256e-07
868.6	1.4219e-07
868.8	1.4182e-07
869.0	1.4145e-07
869.2	1.4108e-07
869.4	1.4072e-07
869.6	1.4035e-07
869.8	1.3998e-07
870.0	1.3962e-07
870.2	1.4107e-07
870.4	1.4361e-07
870.6	1.4619e-07
870.8	1.4881e-07
871.0	1.5148e-07
871.2	1.5421e-07
871.4	1.5698e-07
871.6	1.598e-07
871.8	1.6267e-07
872.0	1.6559e-07
872.2	1.6639e-07
872.4	1.6661e-07
872.6	1.6684e-07
872.8	1.6707e-07
873.0	1.673e-07
873.2	1.6753e-07
873.4	1.6775e-07
873.6	1.6798e-07
873.8	1.6821e-07
874.0	1.6844e-07
874.2	1.6875e-07
874.4	1.6907e-07
874.6	1.6938e-07
874.8	1.697e-07
875.0	1.7002e-07
875.2	1.7033e-07
875.4	1.7065e-07
875.6	1.7097e-07
875.8	1.7129e-07
876.0	1.7161e-07
876.2	1.7231e-07
876.4	1.7389e-07
876.6	1.7548e-07
876.8	1.7708e-07
877.0	1.7869e-07
877.2	1.8033e-07
877.4	1.8197e-07
877.6	1.8363e-07
877.8	1.8531e-07
878.0	1.87e-07
878.2	1.8723e-07
878.4	1.8576e-07
878.6	1.843e-07
878.8	1.8286e-07
879.0	1.8142e-07
879.2	1.8e-07
879.4	1.7859e-07
879.6	1.7719e-07
879.8	1.758e-07
880.0	1.7442e-07
880.2	1.7511e-07
880.4	1.7704e-07
880.6	1.79e-07
880.8	1.8099e-07
881.0	1.8299e-07
881.2	1.8502e-07
881.4	1.8707e-07
881.6	1.8914e-07
881.8	1.9123e-07
882.0	1.9335e-07
882.2	1.931e-07
882.4	1.922e-07
882.6	1.9131e-07
882.8	1.9042e-07
883.0	1.8953e-07
883.2	1.8865e-07
883.4	1.8777e-07
883.6	1.869e-07
883.8	1.8603e-07
884.0	1.8516e-07
884.2	1.8615e-07
884.4	1.8724e-07
884.6	1.8833e-07
884.8	1.8943e-07
885.0	1.9054e-07
885.2	1.9166e-07
885.4	1.9278e-07
885.6	1.939e-07
885.8	1.9504e-07
886.0	1.9618e-07
886.2	1.9742e-07
886.4	1.989e-07
886.6	2.0038e-07
886.8	2.0188e-07
887.0	2.0338e-07
887.2	2.049e-07
887.4	2.0643e-07
887.6	2.0797e-07
887.8	2.0953e-07
888.0	2.1109e-07
888.2	2.1221e-07
888.4	2.128e-07
888.6	2.1339e-07
888.8	2.1399e-07
889.0	2.1458e-07
889.2	2.1518e-07
889.4	2.1578e-07
889.6	2.1639e-07
889.8	2.1699e-07
890.0	2.1759e-07
890.2	2.1851e-07
890.4	2.1961e-07
890.6	2.2071e-07
890.8	2.2182e-07
891.0	2.2293e-07
891.2	2.2405e-07
891.4	2.2518e-07
891.6	2.2631e-07
891.8	2.2744e-07
892.0	2.2859e-07
892.2	2.2946e-07
892.4	2.3028e-07
892.6	2.311e-07
892.8	2.3192e-07
893.0	2.3274e-07
893.2	2.3357e-07
893.4	2.3439e-07
893.6	2.3523e-07
893.8	2.3606e-07
894.0	2.369e-07
894.2	2.3559e-07
894.4	2.3422e-07
894.6	2.3286e-07
894.8	2.3151e-07
895.0	2.3017e-07
895.2	2.2883e-07
895.4	2.275e-07
895.6	2.2618e-07
895.8	2.2487e-07
896.0	2.2356e-07
896.2	2.2291e-07
896.4	2.2408e-07
896.6	2.2526e-07
896.8	2.2645e-07
897.0	2.2765e-07
897.2	2.2885e-07
897.4	2.3005e-07
897.6	2.3126e-07
897.8	2.3248e-07
898.0	2.3371e-07
898.2	2.3483e-07
898.4	2.3581e-07
898.6	2.368e-07
898.8	2.3779e-07
899.0	2.3879e-07
899.2	2.3979e-07
899.4	2.4079e-07
899.6	2.418e-07
899.8	2.4281e-07
900.0	2.4382e-07
900.2	2.45e-07
900.4	2.4628e-07
900.6	2.4757e-07
900.8	2.4887e-07
901.0	2.5018e-07
901.2	2.5149e-07
901.4	2.528e-07
901.6	2.5413e-07
901.8	2.5546e-07
902.0	2.568e-07
902.2	2.5817e-07
902.4	2.5956e-07
902.6	2.6096e-07
902.8	2.6237e-07
903.0	2.6378e-07
903.2	2.652e-07
903.4	2.6663e-07
903.6	2.6807e-07
903.8	2.6951e-07
904.0	2.7096e-07
904.2	2.7175e-07
904.4	2.725e-07
904.6	2.7326e-07
904.8	2.7402e-07
905.0	2.7479e-07
905.2	2.7555e-07
905.4	2.7632e-07
905.6	2.7709e-07
905.8	2.7786e-07
906.0	2.7863e-07
906.2	2.7961e-07
906.4	2.8123e-07
906.6	2.8286e-07
906.8	2.845e-07
907.0	2.8615e-07
907.2	2.8781e-07
907.4	2.8948e-07
907.6	2.9115e-07
907.8	2.9284e-07
908.0	2.9454e-07
908.2	2.9618e-07
908.4	2.9773e-07
908.6	2.9929e-07
908.8	3.0086e-07
909.0	3.0244e-07
909.2	3.0403e-07
909.4	3.0562e-07
909.6	3.0722e-07
909.8	3.0884e-07
910.0	3.1046e-07
910.2	3.1452e-07
910.4	3.203e-07
910.6	3.2618e-07
910.8	3.3216e-07
911.0	3.3826e-07
911.2	3.4447e-07
911.4	3.5079e-07
911.6	3.5723e-07
911.8	3.6379e-07
912.0	3.7047e-07
912.2	3.7489e-07
912.4	3.7868e-07
912.6	3.8251e-07
912.8	3.8638e-07
913.0	3.9028e-07
913.2	3.9423e-07
913.4	3.9822e-07
913.6	4.0224e-07
913.8	4.0631e-07
914.0	4.1042e-07
914.2	4.1771e-07
914.4	4.2522e-07
914.6	4.3288e-07
914.8	4.4066e-07
915.0	4.4859e-07
915.2	4.5666e-07
915.4	4.6488e-07
915.6	4.7324e-07
915.8	4.8176e-07
916.0	4.9043e-07
916.2	4.9897e-07
916.4	5.0674e-07
916.6	5.1463e-07
916.8	5.2264e-07
917.0	5.3078e-07
917.2	5.3904e-07
917.4	5.4744e-07
917.6	5.5596e-07
917.8	5.6461e-07
918.0	5.734e-07
918.2	5.8213e-07
918.4	5.907e-07
918.6	5.994e-07
918.8	6.0822e-07
919.0	6.1718e-07
919.2	6.2627e-07
919.4	6.3549e-07
919.6	6.4485e-07
919.8	6.5434e-07
920.0	6.6398e-07
920.2	6.7786e-07
920.4	6.9479e-07
920.6	7.1214e-07
920.8	7.2992e-07
921.0	7.4815e-07
921.2	7.6683e-07
921.4	7.8598e-07
921.6	8.056e-07
921.8	8.2572e-07
922.0	8.4634e-07
922.2	8.6871e-07
922.4	8.9201e-07
922.6	9.1593e-07
922.8	9.405e-07
923.0	9.6572e-07
923.2	9.9162e-07
923.4	1.0182e-06
923.6	1.0455e-06
923.8	1.0736e-06
924.0	1.1024e-06
924.2	1.1418e-06
924.4	1.1828e-06
924.6	1.2253e-06
924.8	1.2693e-06
925.0	1.3149e-06
925.2	1.3621e-06
925.4	1.411e-06
925.6	1.4617e-06
925.8	1.5141e-06
926.0	1.5685e-06
926.2	1.6238e-06
926.4	1.6778e-06
926.6	1.7335e-06
926.8	1.7911e-06
927.0	1.8506e-06
927.2	1.9121e-06
927.4	1.9757e-06
927.6	2.0413e-06
927.8	2.1091e-06
928.0	2.1792e-06
928.2	2.2508e-06
928.4	2.3237e-06
928.6	2.3989e-06
928.8	2.4766e-06
929.0	2.5567e-06
929.2	2.6395e-06
929.4	2.725e-06
929.6	2.8132e-06
929.8	2.9042e-06
930.0	2.9982e-06
930.2	3.1027e-06
930.4	3.2155e-06
930.6	3.3323e-06
930.8	3.4534e-06
931.0	3.5789e-06
931.2	3.709e-06
931.4	3.8438e-06
931.6	3.9834e-06
931.8	4.1282e-06
932.0	4.2782e-06
932.2	4.4551e-06
932.4	4.6441e-06
932.6	4.8412e-06
932.8	5.0467e-06
933.0	5.2608e-06
933.2	5.4841e-06
933.4	5.7168e-06
933.6	5.9594e-06
933.8	6.2123e-06
934.0	6.4768e-06
934.2	6.7972e-06
934.4	7.1335e-06
934.6	7.4863e-06
934.8	7.8567e-06
935.0	8.2453e-06
935.2	8.6532e-06
935.4	9.0813e-06
935.6	9.5305e-06
935.8	1.0028e-05
936.0	1.0635e-05
936.2	1.1278e-05
936.4	1.1961e-05
936.6	1.2654e-05
936.8	1.322e-05
937.0	1.3811e-05
937.2	1.4429e-05
937.4	1.5076e-05
937.6	1.5778e-05
937.8	1.6513e-05
938.0	1.7282e-05
938.2	1.8087e-05
938.4	1.8883e-05
938.6	1.9714e-05
938.8	2.0581e-05
939.0	2.1486e-05
939.2	2.2696e-05
939.4	2.4e-05
939.6	2.538e-05
939.8	2.684e-05
940.0	2.826e-05
940.2	2.9729e-05
940.4	3.1273e-05
940.6	3.2898e-05
940.8	3.4691e-05
941.0	3.6612e-05
941.2	3.8639e-05
941.4	4.0778e-05
941.6	4.3104e-05
941.8	4.5599e-05
942.0	4.8238e-05
942.2	5.103e-05
942.4	5.3913e-05
942.6	5.6904e-05
942.8	6.0061e-05
943.0	6.3393e-05
943.2	6.7114e-05
943.4	7.127e-05
943.6	7.5684e-05
943.8	8.037e-05
944.0	8.5267e-05
944.2	9.0344e-05
944.4	9.5724e-05
944.6	1.0142e-04
944.8	1.0774e-04
945.0	1.1501e-04
945.2	1.2091e-04
945.4	1.2713e-04
945.6	1.3366e-04
945.8	1.467e-04
946.0	1.5777e-04
946.2	1.6269e-04
946.4	1.7648e-04
946.6	1.9025e-04
946.8	2.0188e-04
947.0	2.1487e-04
947.2	2.2899e-04
947.4	2.4257e-04
947.6	2.6306e-04
947.8	2.7837e-04
948.0	3.0143e-04
948.2	3.1731e-04
948.4	3.3966e-04
948.6	3.6132e-04
948.8	3.8935e-04
949.0	4.2295e-04
949.2	4.4871e-04
949.4	4.8261e-04
949.6	5.1899e-04
949.8	5.5358e-04
950.0	5.9506e-04
950.2	6.3386e-04
950.4	6.8911e-04
950.6	7.3995e-04
950.8	7.9274e-04
951.0	8.6475e-04
951.2	9.2125e-04
951.4	0.00101
951.6	0.00108
951.8	0.00117
952.0	0.00126
952.2	0.00135
952.4	0.00148
952.6	0.00159
952.8	0.00171
953.0	0.00186
953.2	0.00203
953.4	0.00221
953.6	0.00239
953.8	0.0026
954.0	0.00282
954.2	0.00307
954.4	0.00336
954.6	0.00367
954.8	0.00399
955.0	0.00436
955.2	0.00472
955.4	0.00511
955.6	0.00553
955.8	0.00603
956.0	0.00656
956.2	0.00714
956.4	0.00787
956.6	0.00864
956.8	0.00949
957.0	0.01041
957.2	0.01149
957.4	0.01261
957.6	0.01391
957.8	0.01538
958.0	0.01699
958.2	0.01884
958.4	0.02091
958.6	0.0232
958.8	0.02583
959.0	0.02872
959.2	0.03193
959.4	0.03564
959.6	0.03991
959.8	0.04453
960.0	0.05
960.2	0.0563
960.4	0.06309
960.6	0.07096
960.8	0.07994
961.0	0.08994
961.2	0.10166
961.4	0.11506
961.6	0.13026
961.8	0.14754
962.0	0.1673
962.2	0.18931
962.4	0.21412
962.6	0.24307
962.8	0.27507
963.0	0.3108
963.2	0.35102
963.4	0.39425
963.6	0.4407
963.8	0.49081
964.0	0.54258
964.2	0.5956
964.4	0.64881
964.6	0.70074
964.8	0.74747
965.0	0.79065
965.2	0.81845
965.4	0.84722
965.6	0.87701
965.8	0.89736
966.0	0.89934
966.2	0.89619
966.4	0.88771
966.6	0.87585
966.8	0.86056
967.0	0.84382
967.2	0.82557
967.4	0.80664
967.6	0.78693
967.8	0.76752
968.0	0.74943
968.2	0.73167
968.4	0.71453
968.6	0.69842
968.8	0.68245
969.0	0.66802
969.2	0.65483
969.4	0.64183
969.6	0.63015
969.8	0.61947
970.0	0.60912
970.2	0.59899
970.4	0.59066
970.6	0.5829
970.8	0.57511
971.0	0.56841
971.2	0.56205
971.4	0.55601
971.6	0.54977
971.8	0.54609
972.0	0.5423
972.2	0.538
972.4	0.53446
972.6	0.53075
972.8	0.52702
973.0	0.52489
973.2	0.52469
973.4	0.52197
973.6	0.51941
973.8	0.51834
974.0	0.51723
974.2	0.51643
974.4	0.51737
974.6	0.51803
974.8	0.51627
975.0	0.51441
975.2	0.51481
975.4	0.51521
975.6	0.51562
975.8	0.51871
976.0	0.51811
976.2	0.51757
976.4	0.51962
976.6	0.52146
976.8	0.52189
977.0	0.52388
977.2	0.52546
977.4	0.52614
977.6	0.52661
977.8	0.52898
978.0	0.53163
978.2	0.53153
978.4	0.53203
978.6	0.53422
978.8	0.53581
979.0	0.53728
979.2	0.53916
979.4	0.54106
979.6	0.54079
979.8	0.54196
980.0	0.54475
980.2	0.54773
980.4	0.54718
980.6	0.5473
980.8	0.54928
981.0	0.54993
981.2	0.55086
981.4	0.55257
981.6	0.55322
981.8	0.55288
982.0	0.55335
982.2	0.55526
982.4	0.55589
982.6	0.55528
982.8	0.55497
983.0	0.55597
983.2	0.5568
983.4	0.55718
983.6	0.55765
983.8	0.55747
984.0	0.55649
984.2	0.55637
984.4	0.55837
984.6	0.55896
984.8	0.55715
985.0	0.5554
985.2	0.5554
985.4	0.5554
985.6	0.5554
985.8	0.55801
986.0	0.55738
986.2	0.55591
986.4	0.5557
986.6	0.55672
986.8	0.55725
987.0	0.55592
987.2	0.55516
987.4	0.55705
987.6	0.55796
987.8	0.5574
988.0	0.55706
988.2	0.55823
988.4	0.55823
988.6	0.55896
988.8	0.55959
989.0	0.56047
989.2	0.56049
989.4	0.56173
989.6	0.56396
989.8	0.56602
990.0	0.56682
990.2	0.56689
990.4	0.56984
990.6	0.5722
990.8	0.57361
991.0	0.57412
991.2	0.57658
991.4	0.58021
991.6	0.58251
991.8	0.5841
992.0	0.58635
992.2	0.59035
992.4	0.59332
992.6	0.59504
992.8	0.59725
993.0	0.60096
993.2	0.605
993.4	0.60757
993.6	0.61055
993.8	0.61452
994.0	0.61821
994.2	0.62176
994.4	0.6257
994.6	0.62913
994.8	0.63265
995.0	0.63606
995.2	0.64123
995.4	0.64644
995.6	0.6517
995.8	0.65408
996.0	0.65819
996.2	0.66212
996.4	0.66542
996.6	0.66724
996.8	0.67036
997.0	0.67449
997.2	0.67756
997.4	0.67828
997.6	0.6801
997.8	0.68377
998.0	0.68642
998.2	0.68686
998.4	0.68707
998.6	0.68924
998.8	0.69128
999.0	0.69248
999.2	0.69118
999.4	0.69129
999.6	0.69203
999.8	0.6921
1000.0	0.69112
1000.2	0.69012
1000.4	0.68802
1000.6	0.68705
1000.8	0.68492
1001.0	0.68242
1001.2	0.68004
1001.4	0.67714
1001.6	0.67409
1001.8	0.671
1002.0	0.66688
1002.2	0.66256
1002.4	0.65802
1002.6	0.65517
1002.8	0.65139
1003.0	0.64611
1003.2	0.64061
1003.4	0.63578
1003.6	0.63106
1003.8	0.62574
1004.0	0.62067
1004.2	0.61532
1004.4	0.60923
1004.6	0.60318
1004.8	0.59887
1005.0	0.59778
1005.2	0.61432
1005.4	0.60824
1005.6	0.60324
1005.8	0.59745
1006.0	0.5904
1006.2	0.58377
1006.4	0.579
1006.6	0.57358
1006.8	0.56698
1007.0	0.56069
1007.2	0.55574
1007.4	0.55023
1007.6	0.54532
1007.8	0.54017
1008.0	0.53499
1008.2	0.52934
1008.4	0.52417
1008.6	0.51982
1008.8	0.51621
1009.0	0.51037
1009.2	0.50483
1009.4	0.50177
1009.6	0.49897
1009.8	0.494
1010.0	0.48917
1010.2	0.48599
1010.4	0.48275
1010.6	0.47959
1010.8	0.47643
1011.0	0.47305
1011.2	0.47033
1011.4	0.46642
1011.6	0.46489
1011.8	0.46433
1012.0	0.46063
1012.2	0.45706
1012.4	0.45597
1012.6	0.45555
1012.8	0.45404
1013.0	0.4509
1013.2	0.45005
1013.4	0.44897
1013.6	0.44688
1013.8	0.44717
1014.0	0.4468
1014.2	0.44555
1014.4	0.44374
1014.6	0.44409
1014.8	0.44393
1015.0	0.44429
1015.2	0.44338
1015.4	0.44359
1015.6	0.44465
1015.8	0.44464
1016.0	0.44515
1016.2	0.44678
1016.4	0.44617
1016.6	0.44609
1016.8	0.44756
1017.0	0.44916
1017.2	0.44985
1017.4	0.45074
1017.6	0.45198
1017.8	0.45311
1018.0	0.45458
1018.2	0.45653
1018.4	0.45907
1018.6	0.45929
1018.8	0.46071
1019.0	0.46268
1019.2	0.46473
1019.4	0.46685
1019.6	0.46942
1019.8	0.47145
1020.0	0.47328
1020.2	0.47571
1020.4	0.47795
1020.6	0.47988
1020.8	0.48179
1021.0	0.48401
1021.2	0.48688
1021.4	0.48947
1021.6	0.49179
1021.8	0.49375
1022.0	0.49691
1022.2	0.49984
1022.4	0.5022
1022.6	0.50447
1022.8	0.50755
1023.0	0.50956
1023.2	0.51131
1023.4	0.51435
1023.6	0.5173
1023.8	0.51896
1024.0	0.52116
1024.2	0.52281
1024.4	0.52463
1024.6	0.52747
1024.8	0.53087
1025.0	0.52975
1025.2	0.53078
1025.4	0.53354
1025.6	0.53454
1025.8	0.53576
1026.0	0.53729
1026.2	0.53729
1026.4	0.54072
1026.6	0.54489
1026.8	0.54377
1027.0	0.54458
1027.2	0.54664
1027.4	0.54613
1027.6	0.54697
1027.8	0.55035
1028.0	0.55093
1028.2	0.55108
1028.4	0.55183
1028.6	0.55144
1028.8	0.5507
1029.0	0.55323
1029.2	0.55433
1029.4	0.5539
1029.6	0.55299
1029.8	0.55346
1030.0	0.55199
1030.2	0.55141
1030.4	0.55343
1030.6	0.55377
1030.8	0.55241
1031.0	0.55288
1031.2	0.55077
1031.4	0.54876
1031.6	0.54901
1031.8	0.5498
1032.0	0.54802
1032.2	0.54833
1032.4	0.54751
1032.6	0.54505
1032.8	0.5435
1033.0	0.54324
1033.2	0.54164
1033.4	0.54206
1033.6	0.54194
1033.8	0.53937
1034.0	0.53824
1034.2	0.53734
1034.4	0.53454
1034.6	0.53461
1034.8	0.53385
1035.0	0.53313
1035.2	0.53244
1035.4	0.53182
1035.6	0.52912
1035.8	0.52826
1036.0	0.52743
1036.2	0.52648
1036.4	0.52583
1036.6	0.52564
1036.8	0.5242
1037.0	0.52251
1037.2	0.52201
1037.4	0.52098
1037.6	0.51994
1037.8	0.52046
1038.0	0.51965
1038.2	0.51847
1038.4	0.51859
1038.6	0.51726
1038.8	0.51587
1039.0	0.51638
1039.2	0.51615
1039.4	0.51562
1039.6	0.51686
1039.8	0.51503
1040.0	0.51414
1040.2	0.51467
1040.4	0.51364
1040.6	0.5133
1040.8	0.51516
1041.0	0.51418
1041.2	0.51503
1041.4	0.51557
1041.6	0.51415
1041.8	0.51329
1042.0	0.51432
1042.2	0.51376
1042.4	0.51369
1042.6	0.51474
1042.8	0.51526
1043.0	0.51505
1043.2	0.51516
1043.4	0.51432
1043.6	0.51398
1043.8	0.51479
1044.0	0.51462
1044.2	0.51512
1044.4	0.51584
1044.6	0.51577
1044.8	0.51589
1045.0	0.5143
1045.2	0.51066
1045.4	0.51391
1045.6	0.51475
1045.8	0.51379
1046.0	0.51389
1046.2	0.51342
1046.4	0.51055
1046.6	0.51213
1046.8	0.51038
1047.0	0.51007
1047.2	0.51107
1047.4	0.51087
1047.6	0.5101
1047.8	0.5109
1048.0	0.50795
1048.2	0.50568
1048.4	0.5058
1048.6	0.50516
1048.8	0.50372
1049.0	0.50469
1049.2	0.50265
1049.4	0.502
1049.6	0.50027
1049.8	0.497
1050.0	0.49578
1050.2	0.4946
1050.4	0.49118
1050.6	0.4917
1050.8	0.49002
1051.0	0.48721
1051.2	0.4873
1051.4	0.48327
1051.6	0.47977
1051.8	0.47812
1052.0	0.47451
1052.2	0.47353
1052.4	0.47184
1052.6	0.46897
1052.8	0.46806
1053.0	0.46615
1053.2	0.46094
1053.4	0.45944
1053.6	0.45576
1053.8	0.45239
1054.0	0.45119
1054.2	0.44724
1054.4	0.44582
1054.6	0.44453
1054.8	0.4419
1055.0	0.43872
1055.2	0.43699
1055.4	0.43258
1055.6	0.4298
1055.8	0.42675
1056.0	0.42426
1056.2	0.42218
1056.4	0.41928
1056.6	0.41717
1056.8	0.41712
1057.0	0.41303
1057.2	0.41098
1057.4	0.40759
1057.6	0.40473
1057.8	0.40274
1058.0	0.40043
1058.2	0.39758
1058.4	0.39648
1058.6	0.39435
1058.8	0.39395
1059.0	0.39155
1059.2	0.38927
1059.4	0.3889
1059.6	0.38605
1059.8	0.38396
1060.0	0.38257
1060.2	0.37967
1060.4	0.37824
1060.6	0.37674
1060.8	0.37546
1061.0	0.376
1061.2	0.37457
1061.4	0.37355
1061.6	0.37182
1061.8	0.37076
1062.0	0.37071
1062.2	0.36932
1062.4	0.36832
1062.6	0.36893
1062.8	0.36655
1063.0	0.36811
1063.2	0.36744
1063.4	0.36728
1063.6	0.36765
1063.8	0.36705
1064.0	0.36788
1064.2	0.36728
1064.4	0.36747
1064.6	0.36797
1064.8	0.3674
1065.0	0.36996
1065.2	0.36969
1065.4	0.37136
1065.6	0.37055
1065.8	0.37096
1066.0	0.37279
1066.2	0.37189
1066.4	0.37393
1066.6	0.37506
1066.8	0.37612
1067.0	0.37929
1067.2	0.38058
1067.4	0.38332
1067.6	0.38609
1067.8	0.38709
1068.0	0.39226
1068.2	0.39221
1068.4	0.39605
1068.6	0.39694
1068.8	0.39857
1069.0	0.40252
1069.2	0.40392
1069.4	0.40813
1069.6	0.41176
1069.8	0.41467
1070.0	0.41948
1070.2	0.423
1070.4	0.42765
1070.6	0.43216
1070.8	0.43581
1071.0	0.44201
1071.2	0.44521
1071.4	0.45023
1071.6	0.45415
1071.8	0.45854
1072.0	0.46507
1072.2	0.46999
1072.4	0.47598
1072.6	0.48082
1072.8	0.48763
1073.0	0.4944
1073.2	0.50131
1073.4	0.50857
1073.6	0.51591
1073.8	0.52301
1074.0	0.53098
1074.2	0.53829
1074.4	0.54551
1074.6	0.55323
1074.8	0.56217
1075.0	0.56971
1075.2	0.57753
1075.4	0.5873
1075.6	0.59627
1075.8	0.6059
1076.0	0.61687
1076.2	0.62573
1076.4	0.63688
1076.6	0.64654
1076.8	0.65816
1077.0	0.66925
1077.2	0.67905
1077.4	0.69044
1077.6	0.70041
1077.8	0.7132
1078.0	0.72316
1078.2	0.73348
1078.4	0.74532
1078.6	0.75634
1078.8	0.76893
1079.0	0.78007
1079.2	0.79209
1079.4	0.80305
1079.6	0.81593
1079.8	0.82681
1080.0	0.83777
1080.2	0.84914
1080.4	0.85878
1080.6	0.86907
1080.8	0.88049
1081.0	0.88942
1081.2	0.90153
1081.4	0.91175
1081.6	0.9161
1081.8	0.92593
1082.0	0.93416
1082.2	0.94156
1082.4	0.94901
1082.6	0.95231
1082.8	0.95884
1083.0	0.96462
1083.2	0.9687
1083.4	0.97189
1083.6	0.97468
1083.8	0.97809
1084.0	0.97939
1084.2	0.97836
1084.4	0.9803
1084.6	0.98024
1084.8	0.97869
1085.0	0.97656
1085.2	0.97397
1085.4	0.9699
1085.6	0.96563
1085.8	0.96077
1086.0	0.95607
1086.2	0.9512
1086.4	0.94553
1086.6	0.93922
1086.8	0.93346
1087.0	0.92617
1087.2	0.91689
1087.4	0.91013
1087.6	0.90235
1087.8	0.89289
1088.0	0.88526
1088.2	0.87691
1088.4	0.86876
1088.6	0.859
1088.8	0.85153
1089.0	0.84163
1089.2	0.83406
1089.4	0.82551
1089.6	0.81558
1089.8	0.80601
1090.0	0.79671
1090.2	0.7876
1090.4	0.78116
1090.6	0.7701
1090.8	0.76235
1091.0	0.75352
1091.2	0.74486
1091.4	0.73693
1091.6	0.73036
1091.8	0.72116
1092.0	0.71469
1092.2	0.70831
1092.4	0.70004
1092.6	0.69303
1092.8	0.68621
1093.0	0.67894
1093.2	0.67383
1093.4	0.66667
1093.6	0.65993
1093.8	0.65337
1094.0	0.65001
1094.2	0.64217
1094.4	0.63916
1094.6	0.6331
1094.8	0.62777
1095.0	0.6245
1095.2	0.61991
1095.4	0.61545
1095.6	0.61185
1095.8	0.60844
1096.0	0.60515
1096.2	0.60223
1096.4	0.59856
1096.6	0.59549
1096.8	0.59156
1097.0	0.59069
1097.2	0.58799
1097.4	0.58534
1097.6	0.58378
1097.8	0.58125
1098.0	0.57986
1098.2	0.5786
1098.4	0.57779
1098.6	0.57535
1098.8	0.5761
1099.0	0.57473
1099.2	0.57557
1099.4	0.57407
1099.6	0.57311
1099.8	0.57225
1100.0	0.57266
1100.2	0.57151
1100.4	0.57221
1100.6	0.57322
1100.8	0.57403
1101.0	0.57529
1101.2	0.57503
1101.4	0.57683
1101.6	0.57544
1101.8	0.57871
1102.0	0.57907
1102.2	0.5829
1102.4	0.58099
1102.6	0.58394
1102.8	0.5842
1103.0	0.5857
1103.2	0.5887
1103.4	0.59081
1103.6	0.59232
1103.8	0.59393
1104.0	0.59806
1104.2	0.60016
1104.4	0.60191
1104.6	0.60458
1104.8	0.60859
1105.0	0.60957
1105.2	0.61439
1105.4	0.61442
1105.6	0.61654
1105.8	0.61883
1106.0	0.62495
1106.2	0.62786
1106.4	0.63058
1106.6	0.63322
1106.8	0.63295
1107.0	0.6363
1107.2	0.63857
1107.4	0.64129
1107.6	0.64409
1107.8	0.64821
1108.0	0.64936
1108.2	0.65146
1108.4	0.65338
1108.6	0.6552
1108.8	0.65539
1109.0	0.65836
1109.2	0.65894
1109.4	0.66218
1109.6	0.66072
1109.8	0.66409
1110.0	0.66362
1110.2	0.66478
1110.4	0.66508
1110.6	0.66317
1110.8	0.66166
1111.0	0.6658
1111.2	0.66133
1111.4	0.66192
1111.6	0.6602
1111.8	0.65813
1112.0	0.65705
1112.2	0.65677
1112.4	0.65121
1112.6	0.64728
1112.8	0.64708
1113.0	0.64298
1113.2	0.63737
1113.4	0.63839
1113.6	0.6319
1113.8	0.63012
1114.0	0.62323
1114.2	0.62129
1114.4	0.61621
1114.6	0.61165
1114.8	0.60632
1115.0	0.60086
1115.2	0.59364
1115.4	0.58896
1115.6	0.58254
1115.8	0.57694
1116.0	0.57393
1116.2	0.56715
1116.4	0.56229
1116.6	0.55321
1116.8	0.54966
1117.0	0.54048
1117.2	0.53532
1117.4	0.53093
1117.6	0.52455
1117.8	0.51612
1118.0	0.51089
1118.2	0.50635
1118.4	0.49891
1118.6	0.49254
1118.8	0.48598
1119.0	0.47999
1119.2	0.47521
1119.4	0.46819
1119.6	0.46426
1119.8	0.45782
1120.0	0.45073
1120.2	0.44795
1120.4	0.43952
1120.6	0.43634
1120.8	0.43065
1121.0	0.42699
1121.2	0.42164
1121.4	0.41635
1121.6	0.41114
1121.8	0.40599
1122.0	0.4009
1122.2	0.39575
1122.4	0.39068
1122.6	0.38567
1122.8	0.38072
1123.0	0.37585
1123.2	0.37178
1123.4	0.36775
1123.6	0.36377
1123.8	0.35983
1124.0	0.35594
1124.2	0.3527
1124.4	0.34949
1124.6	0.34631
1124.8	0.34316
1125.0	0.34003
1125.2	0.33671
1125.4	0.33341
1125.6	0.33015
1125.8	0.32692
1126.0	0.32374
1126.2	0.32112
1126.4	0.31853
1126.6	0.31595
1126.8	0.3134
1127.0	0.31087
1127.2	0.30833
1127.4	0.30581
1127.6	0.30332
1127.8	0.30084
1128.0	0.29845
1128.2	0.2977
1128.4	0.29696
1128.6	0.29622
1128.8	0.29548
1129.0	0.29472
1129.2	0.29294
1129.4	0.29117
1129.6	0.28941
1129.8	0.28766
1130.0	0.28594
1130.2	0.28524
1130.4	0.28454
1130.6	0.28384
1130.8	0.28314
1131.0	0.28246
1131.2	0.28218
1131.4	0.28191
1131.6	0.28164
1131.8	0.28137
1132.0	0.28111
1132.2	0.28163
1132.4	0.28215
1132.6	0.28267
1132.8	0.28318
1133.0	0.28371
1133.2	0.28429
1133.4	0.28488
1133.6	0.28547
1133.8	0.28606
1134.0	0.28664
1134.2	0.28706
1134.4	0.28748
1134.6	0.2879
1134.8	0.28833
1135.0	0.28875
1135.2	0.28916
1135.4	0.28958
1135.6	0.29
1135.8	0.29041
1136.0	0.29091
1136.2	0.29388
1136.4	0.29689
1136.6	0.29993
1136.8	0.30299
1137.0	0.30606
1137.2	0.30796
1137.4	0.30987
1137.6	0.3118
1137.8	0.31374
1138.0	0.3157
1138.2	0.31814
1138.4	0.32061
1138.6	0.32308
1138.8	0.32558
1139.0	0.32815
1139.2	0.33204
1139.4	0.33598
1139.6	0.33997
1139.8	0.344
1140.0	0.34808
1140.2	0.35227
1140.4	0.35651
1140.6	0.3608
1140.8	0.36515
1141.0	0.36951
1141.2	0.37316
1141.4	0.37684
1141.6	0.38056
1141.8	0.38432
1142.0	0.38814
1142.2	0.39396
1142.4	0.39988
1142.6	0.40588
1142.8	0.41198
1143.0	0.41815
1143.2	0.42396
1143.4	0.42984
1143.6	0.4358
1143.8	0.44185
1144.0	0.44798
1144.2	0.45416
1144.4	0.46041
1144.6	0.46676
1144.8	0.47319
1145.0	0.47973
1145.2	0.48681
1145.4	0.49399
1145.6	0.50129
1145.8	0.50869
1146.0	0.51617
1146.2	0.52315
1146.4	0.53023
1146.6	0.5374
1146.8	0.54467
1147.0	0.55203
1147.2	0.55842
1147.4	0.56489
1147.6	0.57143
1147.8	0.57805
1148.0	0.58475
1148.2	0.59197
1148.4	0.59928
1148.6	0.60668
1148.8	0.61417
1149.0	0.62166
1149.2	0.62625
1149.4	0.63087
1149.6	0.63552
1149.8	0.64021
1150.0	0.64485
1150.2	0.64725
1150.4	0.64966
1150.6	0.65207
1150.8	0.6545
1151.0	0.65693
1151.2	0.65809
1151.4	0.65926
1151.6	0.66042
1151.8	0.66159
1152.0	0.66269
1152.2	0.66021
1152.4	0.65775
1152.6	0.65529
1152.8	0.65284
1153.0	0.65037
1153.2	0.64681
1153.4	0.64326
1153.6	0.63973
1153.8	0.63622
1154.0	0.63263
1154.2	0.62713
1154.4	0.62167
1154.6	0.61626
1154.8	0.6109
1155.0	0.60554
1155.2	0.59806
1155.4	0.59067
1155.6	0.58338
1155.8	0.57617
1156.0	0.56906
1156.2	0.56209
1156.4	0.55521
1156.6	0.54841
1156.8	0.5417
1157.0	0.53496
1157.2	0.52632
1157.4	0.51782
1157.6	0.50946
1157.8	0.50124
1158.0	0.49317
1158.2	0.48651
1158.4	0.47994
1158.6	0.47346
1158.8	0.46707
1159.0	0.46072
1159.2	0.45302
1159.4	0.44546
1159.6	0.43803
1159.8	0.43071
1160.0	0.42357
1160.2	0.4175
1160.4	0.41151
1160.6	0.40561
1160.8	0.39979
1161.0	0.39406
1161.2	0.38834
1161.4	0.38271
1161.6	0.37716
1161.8	0.37169
1162.0	0.36631
1162.2	0.36127
1162.4	0.3563
1162.6	0.35139
1162.8	0.34655
1163.0	0.34179
1163.2	0.33764
1163.4	0.33355
1163.6	0.3295
1163.8	0.3255
1164.0	0.32154
1164.2	0.31741
1164.4	0.31334
1164.6	0.30931
1164.8	0.30534
1165.0	0.30142
1165.2	0.29862
1165.4	0.29585
1165.6	0.2931
1165.8	0.29038
1166.0	0.28768
1166.2	0.28466
1166.4	0.28167
1166.6	0.27872
1166.8	0.27579
1167.0	0.27294
1167.2	0.27117
1167.4	0.26942
1167.6	0.26767
1167.8	0.26593
1168.0	0.2642
1168.2	0.26195
1168.4	0.25971
1168.6	0.2575
1168.8	0.2553
1169.0	0.25316
1169.2	0.25203
1169.4	0.2509
1169.6	0.24978
1169.8	0.24867
1170.0	0.24755
1170.2	0.24603
1170.4	0.24453
1170.6	0.24303
1170.8	0.24154
1171.0	0.2401
1171.2	0.23962
1171.4	0.23914
1171.6	0.23866
1171.8	0.23818
1172.0	0.23769
1172.2	0.23689
1172.4	0.23609
1172.6	0.2353
1172.8	0.2345
1173.0	0.23374
1173.2	0.23366
1173.4	0.23358
1173.6	0.2335
1173.8	0.23341
1174.0	0.23334
1174.2	0.23396
1174.4	0.23457
1174.6	0.23519
1174.8	0.23581
1175.0	0.2364
1175.2	0.23598
1175.4	0.23556
1175.6	0.23514
1175.8	0.23472
1176.0	0.23432
1176.2	0.23604
1176.4	0.23777
1176.6	0.23951
1176.8	0.24126
1177.0	0.24298
1177.2	0.24304
1177.4	0.24311
1177.6	0.24317
1177.8	0.24323
1178.0	0.2433
1178.2	0.2454
1178.4	0.24751
1178.6	0.24965
1178.8	0.2518
1179.0	0.25395
1179.2	0.25544
1179.4	0.25695
1179.6	0.25847
1179.8	0.25999
1180.0	0.26153
1180.2	0.26306
1180.4	0.26461
1180.6	0.26616
1180.8	0.26772
1181.0	0.26935
1181.2	0.27272
1181.4	0.27614
1181.6	0.2796
1181.8	0.28311
1182.0	0.28664
1182.2	0.28849
1182.4	0.29035
1182.6	0.29222
1182.8	0.2941
1183.0	0.29605
1183.2	0.29986
1183.4	0.30372
1183.6	0.30762
1183.8	0.31158
1184.0	0.31559
1184.2	0.31986
1184.4	0.32418
1184.6	0.32856
1184.8	0.333
1185.0	0.33746
1185.2	0.34061
1185.4	0.3438
1185.6	0.34701
1185.8	0.35026
1186.0	0.35356
1186.2	0.35909
1186.4	0.3647
1186.6	0.37039
1186.8	0.37618
1187.0	0.38205
1187.2	0.38791
1187.4	0.39386
1187.6	0.3999
1187.8	0.40604
1188.0	0.41223
1188.2	0.41726
1188.4	0.42235
1188.6	0.4275
1188.8	0.43271
1189.0	0.43812
1189.2	0.44651
1189.4	0.45505
1189.6	0.46376
1189.8	0.47264
1190.0	0.48161
1190.2	0.48785
1190.4	0.49416
1190.6	0.50056
1190.8	0.50704
1191.0	0.51361
1191.2	0.52074
1191.4	0.52796
1191.6	0.53529
1191.8	0.54272
1192.0	0.5503
1192.2	0.55951
1192.4	0.56887
1192.6	0.57838
1192.8	0.58806
1193.0	0.59787
1193.2	0.60593
1193.4	0.61409
1193.6	0.62237
1193.8	0.63075
1194.0	0.6392
1194.2	0.64643
1194.4	0.65374
1194.6	0.66114
1194.8	0.66862
1195.0	0.67618
1195.2	0.68371
1195.4	0.69132
1195.6	0.69902
1195.8	0.7068
1196.0	0.71463
1196.2	0.72164
1196.4	0.72872
1196.6	0.73587
1196.8	0.74309
1197.0	0.75032
1197.2	0.75522
1197.4	0.76015
1197.6	0.76512
1197.8	0.77012
1198.0	0.77509
1198.2	0.77894
1198.4	0.7828
1198.6	0.78668
1198.8	0.79058
1199.0	0.79445
1199.2	0.79645
1199.4	0.79846
1199.6	0.80047
1199.8	0.80249
1200.0	0.80451
