wl	%T
1200	0.006141453981
1199.5	0.006707249675
1199	0.004933517892
1198.5	0.006314888131
1198	0.006490645465
1197.5	0.007009662688
1197	0.006428998429
1196.5	0.006834144704
1196	0.006729069166
1195.5	0.006245398428
1195	0.006760229822
1194.5	0.006981964689
1194	0.006106820889
1193.5	0.006736550946
1193	0.007322638761
1192.5	0.007131529041
1192	0.007908032275999999
1191.5	0.007325057406
1191	0.007076072507
1190.5	0.008812781423
1190	0.008384738116999999
1189.5	0.006977139041
1189	0.008451898582
1188.5	0.007932499982
1188	0.006653957069
1187.5	0.008043244481
1187	0.00712292036
1186.5	0.007596170995
1186	0.006722922903
1185.5	0.008226736449
1185	0.007609576453
1184.5	0.006352028809
1184	0.006423457526
1183.5	0.007080681622
1183	0.007169125602
1182.5	0.005910499953
1182	0.007130990736
1181.5	0.006553865504
1181	0.005630002357
1180.5	0.005921084434
1180	0.006663779728
1179.5	0.00523320213
1179	0.005304218736
1178.5	0.005384194665
1178	0.005929789506
1177.5	0.005928521976
1177	0.005018713418
1176.5	0.00487129949
1176	0.006087877322
1175.5	0.005411618389
1175	0.004053728655
1174.5	0.005441275891
1174	0.004559141118
1173.5	0.005105153657
1173	0.004503159318
1172.5	0.006247081794
1172	0.005359763745
1171.5	0.00620209612
1171	0.005242325831
1170.5	0.005995485466
1170	0.005576815922
1169.5	0.005572329741
1169	0.006044625305
1168.5	0.00518694846
1168	0.00437186379
1167.5	0.005409415346
1167	0.005513400305
1166.5	0.005343859084
1166	0.004125311505
1165.5	0.005256013479
1165	0.003937519621
1164.5	0.003362058429
1164	0.004485638812
1163.5	0.002943108557
1163	0.004435194656
1162.5	0.003491197247
1162	0.004454435781
1161.5	0.003860397264
1161	0.005114336964
1160.5	0.003011598717
1160	0.00454851659
1159.5	0.002762101358
1159	0.00436566351
1158.5	0.003842343809
1158	0.004198028706
1157.5	0.003370843828
1157	0.005095497705
1156.5	0.00492728781
1156	0.00435684016
1155.5	0.004448259715
1155	0.005420431495
1154.5	0.004964596126
1154	0.005220471416
1153.5	0.005298487842
1153	0.004717324395
1152.5	0.005537327379
1152	0.005042335019
1151.5	0.005405501928
1151	0.004909304902
1150.5	0.005189469084
1150	0.004187920131
1149.5	0.004969258793
1149	0.003643218894
1148.5	0.003720900044
1148	0.004146569408
1147.5	0.003900771495
1147	0.002946428489
1146.5	0.003772075754
1146	0.003218301106
1145.5	0.003393471008
1145	0.001805367763
1144.5	0.00315278233
1144	0.003395236796
1143.5	0.002403399441
1143	0.001588339685
1142.5	0.001535811694
1142	0.002081350191
1141.5	0.002412373899
1141	0.003379070666
1140.5	0.001448818832
1140	0.00271374872
1139.5	0.003271894762
1139	0.002574922983
1138.5	0.003153036349
1138	0.003080097027
1137.5	0.003945131321
1137	0.003780586878
1136.5	0.005206851754
1136	0.004205718637
1135.5	0.004496330861
1135	0.004738899413
1134.5	0.005925457459
1134	0.005630298983
1133.5	0.005807495676
1133	0.005716076121
1132.5	0.006044897716
1132	0.006220888346
1131.5	0.005775760859
1131	0.005131342914
1130.5	0.005371577106
1130	0.007063009311
1129.5	0.006468723528
1129	0.005364628974
1128.5	0.005447353236
1128	0.005444936454
1127.5	0.003672631225
1127	0.005878677126
1126.5	0.005669360515
1126	0.003704325994
1125.5	0.003354387823
1125	0.003163147951
1124.5	0.003143456299
1124	0.002237526933
1123.5	0.004286966752
1123	0.004525284283
1122.5	0.003108331701
1122	0.004541008733
1121.5	0.003545745509
1121	0.003086882178
1120.5	0.004294704646
1120	0.004218206275
1119.5	0.003732594661
1119	0.002594876569
1118.5	0.003367460566
1118	0.002999620512
1117.5	0.001980169211
1117	0.002846130636
1116.5	0.002927573863
1116	0.002904334106
1115.5	0.002928698203
1115	0.002904742258
1114.5	0.003034940222
1114	0.002905272413
1113.5	0.003965543117
1113	0.004474876914
1112.5	0.003104515839
1112	0.003047574544
1111.5	0.003907040693
1111	0.00375715713
1110.5	0.004088653252
1110	0.004010789562
1109.5	0.003528978676
1109	0.003560629906
1108.5	0.005036023445
1108	0.004955671262
1107.5	0.004569078796
1107	0.003965225536
1106.5	0.004262106027
1106	0.004405141808
1105.5	0.004242558032
1105	0.004699779674
1104.5	0.005041244905
1104	0.005001435988
1103.5	0.004646349233
1103	0.003858109703
1102.5	0.005531194154
1102	0.004142527934
1101.5	0.004647993483
1101	0.004191118293
1100.5	0.002849565819
1100	0.004450593609
1099.5	0.002788766287
1099	0.002931076335
1098.5	0.003605661215
1098	0.003057257272
1097.5	0.003288340988
1097	0.002501531038
1096.5	0.002871307777
1096	0.003139754757
1095.5	0.002429198939
1095	0.003472244134
1094.5	0.003285942832
1094	0.003364119446
1093.5	0.004325418733
1093	0.004860052373
1092.5	0.004426987842
1092	0.004265532829
1091.5	0.006178320386
1091	0.003794260556
1090.5	0.005121499766
1090	0.00617207773
1089.5	0.006143716164
1089	0.005576436408
1088.5	0.00461529009
1088	0.003685058327
1087.5	0.004632719327
1087	0.00397937838
1086.5	0.003742710454
1086	0.003205514513
1085.5	0.003770995652
1085	0.004085662309
1084.5	0.003972045146
1084	0.004200272728
1083.5	0.004396793433
1083	0.004117987119
1082.5	0.005287555046
1082	0.004720522556
1081.5	0.005434811581
1081	0.003881897312
1080.5	0.004877215251
1080	0.005611442029
1079.5	0.004968899302
1079	0.003416791791
1078.5	0.002956078853
1078	0.002340179402
1077.5	0.002735481365
1077	0.002879176522
1076.5	0.001952352468
1076	0.001215355005
1075.5	0.001181473839
1075	0.002053593518
1074.5	-0.0005195274716
1074	0.001031004358
1073.5	0.0008464183193
1073	0.001205084613
1072.5	0.0004413283023
1072	0.001040805015
1071.5	0.00122936652
1071	-0.0008286702796
1070.5	0.001042457065
1070	0.0005523431464
1069.5	0.001149425167
1069	1.13e-05
1068.5	0.0003209905408
1068	0.001186493435
1067.5	0.001335294452
1067	0.0005432867329
1066.5	0.001068246551
1066	0.001498515834
1065.5	-0.0002595432452
1065	0.001323054545
1064.5	5.62e-05
1064	0.0008041640394
1063.5	-0.0005003297701
1063	0.002022044268
1062.5	0.0007713502855
1062	0.001673866762
1061.5	0.0003114958818
1061	0.00144672941
1060.5	0.002651054179
1060	0.0001785173663
1059.5	0.002557236003
1059	0.001932656043
1058.5	0.001685444964
1058	0.0005738671171
1057.5	0.0008338977932
1057	0.0003133862629
1056.5	-0.0001829772518
1056	0.001869922155
1055.5	0.001505534281
1055	0.001081259339
1054.5	0.0006973344134
1054	0.0002346179826
1053.5	0.0007895361632
1053	0.00176227279
1052.5	0.001057557296
1052	-0.0001440978376
1051.5	0.0009762963746
1051	0.0005068462342
1050.5	0.000325584464
1050	-0.0003854905954
1049.5	0.0003067295766
1049	0.0007103639073
1048.5	0.0003333659261
1048	-0.0009215394966
1047.5	3.45e-06
1047	0.0003144131915
1046.5	0.0005755429156
1046	0.0005630383966
1045.5	0.000941064558
1045	0.0008742823265
1044.5	0.0008952824865
1044	-0.000572588353
1043.5	-0.0001260315621
1043	-0.0001062950541
1042.5	0.0009415007080000001
1042	0.00119107496
1041.5	0.0006332428311
1041	-0.0001281184959
1040.5	0.001422126312
1040	8.1e-05
1039.5	-4.08e-05
1039	0.0002023066627
1038.5	-0.0004728330241
1038	-0.0004277260741
1037.5	0.000695158029
1037	0.0004226852034
1036.5	0.001067610458
1036	0.0002976258111
1035.5	0.0008853459731
1035	0.0002939374244
1034.5	0.0011043509
1034	0.0007222866989
1033.5	0.002035951242
1033	0.001298686257
1032.5	0.001394108171
1032	0.002295301529
1031.5	0.0003957397421
1031	0.00121659541
1030.5	0.001245798776
1030	0.0002461749827
1029.5	-0.0004217651149
1029	0.0006561538903
1028.5	0.0004824962234
1028	-2.72e-05
1027.5	0.0009012846276
1027	0.001083698007
1026.5	0.0009846994653
1026	0.0001192679192
1025.5	0.0005971479695
1025	0.0004832461709
1024.5	0.0001782194595
1024	0.0008672489203
1023.5	0.001135034137
1023	0.0004059372586
1022.5	0.0001022536235
1022	0.0006782136624999999
1021.5	-0.0003784242144
1021	0.0002460205869
1020.5	-0.0006411190261
1020	0.0006967923836999999
1019.5	0.0007388754166
1019	-0.0006412878283
1018.5	-0.0008083577268
1018	0.0003505612258
1017.5	0.000643388601
1017	-0.0004662744759
1016.5	-0.0001750686497
1016	0.001223759726
1015.5	0.0004897774779
1015	0.0002659727761
1014.5	-2.01e-05
1014	-0.0003448916832
1013.5	0.0008672614931
1013	0.001518568373
1012.5	5.34e-05
1012	0.001446422772
1011.5	0.0001962501701
1011	-0.0007590240566
1010.5	0.001415006001
1010	0.0004050512507
1009.5	0.0004485797836
1009	-0.0006096024881
1008.5	0.0004653962678
1008	0.0005708599929
1007.5	0.0001667735487
1007	0.0005054232315
1006.5	0.0003840882564
1006	0.0005960720009
1005.5	0.001512367977
1005	0.0003001638397
1004.5	-0.0001122134126
1004	0.0005114151281
1003.5	0.0005460185348
1003	0.001205570996
1002.5	0.0007621310651
1002	0.001537077012
1001.5	-0.0002774746099
1001	0.001112796599
1000.5	0.001249171444
1000	0.0004138241056
999.5	0.0007958482602
999	0.001320005395
998.5	0.0007416775334
998	0.001704445691
997.5	0.0003792787902
997	0.0008808086859
996.5	0.001566378749
996	0.001067908248
995.5	0.0009417464607
995	0.0009354356444
994.5	0.002153588692
994	0.001454723533
993.5	0.000739249459
993	0.001099989866
992.5	0.001192881027
992	0.0008329359115999999
991.5	0.002499222523
991	0.001594491419
990.5	0.0002143237944
990	0.0009378843242
989.5	0.0001819428726
989	0.0008174561081
988.5	0.001525926753
988	6.79e-05
987.5	0.0009749011951
987	0.0004416234442
986.5	0.0008776858449
986	0.001177309896
985.5	0.00131963694
985	0.001413210412
984.5	0.0009656762122
984	0.0006945442874
983.5	-1.16e-05
983	0.0003863456077
982.5	0.0002218902664
982	0.001076922519
981.5	0.0005113561638
981	0.0005928814644
980.5	0.001025917358
980	0.0003203393717
979.5	7.38e-05
979	7.2e-05
978.5	-0.0009130415274
978	-0.000482617761
977.5	0.0003363021533
977	-0.0002376263874
976.5	0.0001081867158
976	0.0006208323757
975.5	0.001735715894
975	0.001601318596
974.5	0.0002185901103
974	0.0006839424022
973.5	0.0007080921787
973	-0.000463899778
972.5	0.0007750993245
972	0.0008461736143
971.5	0.0008011641330000001
971	0.001181279775
970.5	0.0004631580086
970	0.0001811342663
969.5	0.0007403559866
969	2.2e-05
968.5	0.0009559172322
968	0.002029731404
967.5	0.001823492465
967	0.0009215529426
966.5	0.000437750452
966	0.0004825904907
965.5	0.0009536979486999999
965	0.001619254588
964.5	0.0008476372458999999
964	0.0005441707908
963.5	-0.0004520464572
963	0.0008000386297
962.5	0.0009664890822
962	0.00149692432
961.5	2.81e-05
961	0.0002412318718
960.5	0.0008480845136
960	0.001552607515
959.5	-0.0003851279034
959	0.0003278072982
958.5	0.001063124742
958	0.0002673587296
957.5	0.002424362814
957	0.001177613274
956.5	0.001910204301
956	0.001968598226
955.5	0.0003747995652
955	0.001498568105
954.5	0.0006830505445
954	0.001414084807
953.5	0.001563568134
953	0.0009291425231
952.5	0.001062493189
952	0.001081934315
951.5	0.0008008961449
951	0.0005062432028
950.5	0.001598232659
950	0.001103524351
949.5	0.00225566607
949	0.001054201508
948.5	0.0007065830869
948	7.660000000000001e-05
947.5	8.92e-05
947	-0.0003738108207
946.5	0.0004668637703
946	0.0004389306123
945.5	0.0004399906611
945	-7.13e-05
944.5	3.53e-05
944	0.0009637307958
943.5	0.0001696195541
943	0.0001130453747
942.5	0.0007557506905999999
942	0.001193428296
941.5	0.001146590454
941	0.0006409460329
940.5	0.0002035802754
940	0.000522838498
939.5	0.0008018492954
939	0.0006102856132
938.5	0.0008171157097
938	8.53e-05
937.5	0.001093125087
937	-0.0006682125386000001
936.5	3.51e-05
936	0.0009848522022000001
935.5	0.001222831779
935	0.001451213029
934.5	0.001273947419
934	0.001643376192
933.5	0.001373752952
933	0.0008359317435
932.5	0.000719003554
932	0.001154572004
931.5	0.00128304353
931	0.0007679664996
930.5	-9.34e-06
930	3.29e-05
929.5	0.002107884502
929	0.0008256373694
928.5	0.0001732569945
928	0.00149994588
927.5	0.000139685304
927	0.0001216839009
926.5	-0.000287386647
926	0.0001576260838
925.5	0.0005895309732
925	0.0005548385088
924.5	0.0001354578708
924	-0.0001499152568
923.5	0.0007760160952
923	0.0001984209812
922.5	0.0004232888459
922	0.0006878256681
921.5	0.001171474461
921	0.0008259323076
920.5	0.001382948249
920	0.00179609342
919.5	0.0009767469018999999
919	-0.0001781767933
918.5	0.001011548098
918	0.0007435886073
917.5	-0.0002125034371
917	-0.0003545770305
916.5	0.0002449921158
916	0.0006469827495
915.5	0.0004761940218
915	0.0001762556203
914.5	4.15e-05
914	0.001077988651
913.5	4.97e-05
913	0.0006317267544
912.5	0.001118438551
912	-0.001148310723
911.5	-0.0004229441984
911	0.0008552240906
910.5	0.001242994214
910	0.0003835138632
909.5	-0.0003325593716
909	0.001481299754
908.5	0.001152657904
908	0.001333459746
907.5	0.001430191449
907	0.00058319245
906.5	0.001465071342
906	0.001271514571
905.5	0.001385024749
905	0.0005323226796
904.5	-0.0001082631788
904	3.49e-05
903.5	-0.0005824161926
903	0.0004377760342
902.5	0.0008940674597
902	0.001075449516
901.5	0.001308380743
901	0.0005004096311
900.5	0.0008044979186
900	1.14e-05
899.5	-0.000663422572
899	0.000137538751
898.5	0.0003355574154
898	0.001113335835
897.5	0.00181137037
897	0.0004517069901
896.5	0.0007431700942
896	-0.0001070861254
895.5	-9.95e-06
895	0.0003927174548
894.5	-0.0004087839916
894	0.0002697703312
893.5	0.0004346447531
893	-0.0002836333588
892.5	0.001005058526
892	-0.0002691060072
891.5	3.18e-05
891	7.42e-05
890.5	-5.09e-05
890	-0.0007666460006
889.5	-0.0003704759292
889	0.001573319081
888.5	-0.0006291488535
888	-6.490000000000001e-05
887.5	0.001866254956
887	0.0005644722842
886.5	0.001322599244
886	0.0009486459894
885.5	-0.0003232211457
885	9.41e-05
884.5	0.00217326195
884	0.001488125301
883.5	0.0007453410652999999
883	0.0006468177307
882.5	0.00109219295
882	0.0004108484427
881.5	0.0008772177389
881	0.001460343017
880.5	0.0006101338658
880	0.0008698009769
879.5	0.0006831985665
879	-0.0002614079567
878.5	0.0003452466335
878	0.0004931807052
877.5	0.0008439896046
877	0.001060607028
876.5	0.0007418408059
876	-0.0004579515953
875.5	0.000159632822
875	0.001075943932
874.5	0.0008132982766
874	0.0005313558504
873.5	0.0009835339151000001
873	0.0002090427442
872.5	0.001740702079
872	-0.0006619677297
871.5	0.000261562207
871	1.13e-05
870.5	0.0004135675263
870	0.0003639463685
869.5	0.001199941267
869	0.001966230571
868.5	-1.84e-05
868	0.001318841591
867.5	0.0001918983762
867	0.0002281738271
866.5	0.0007946449914
866	0.001437549596
865.5	0.0002415079216
865	0.0004906369139999999
864.5	0.0003201136715
864	0.0007255135569999999
863.5	0.0002722791978
863	0.001147256582
862.5	0.0003232978634
862	0.000703547732
861.5	-0.0001109092045
861	0.0007948537823
860.5	0.0002350592695
860	-0.0001253285445
859.5	-0.0003167159739
859	0.0009481866146
858.5	0.001233435585
858	0.001616369933
857.5	0.0009283373365
857	0.0008883517585
856.5	-7.19e-05
856	-7.58e-06
855.5	0.0002350544673
855	0.000905162713
854.5	-0.000166271202
854	-6.7e-06
853.5	-0.0003607897088
853	0.0006011337973
852.5	0.0002708356478
852	0.0005963376025
851.5	0.0003253448813
851	-0.0001468337141
850.5	0.000256417843
850	0.001058475347
849.5	0.001109634293
849	0.002130044857
848.5	-0.0001602343837
848	0.0007491086144
847.5	0.0002331495634
847	4.9e-05
846.5	-0.0006148837274
846	7.109999999999999e-05
845.5	-0.0001713327802
845	0.0007231023628
844.5	0.0001468797855
844	0.0009562917403
843.5	0.000377899356
843	0.0001625375444
842.5	0.0006072464166
842	0.000369539368
841.5	0.001145489514
841	0.0006551449769
840.5	0.001114313491
840	0.001779688988
839.5	0.0003066912759
839	0.0007107061683
838.5	0.00153041468
838	0.0007945552352
837.5	0.0008338394691
837	7.779999999999999e-05
836.5	0.0005322194193
836	0.001048005535
835.5	0.0002675667638
835	-0.0001590822358
834.5	0.0008627041243
834	0.00140632398
833.5	0.0004359541927
833	0.000344615808
832.5	0.0008929537144
832	7.2e-05
831.5	0.0009885102045
831	0.000191335901
830.5	0.001709219418
830	0.0007625079597
829.5	0.0003613738809
829	0.00172157865
828.5	0.001107645454
828	-0.0004456219322
827.5	0.001621019677
827	-0.0001322282915
826.5	0.001744049601
826	0.0008258277085
825.5	0.001406624448
825	0.001295497408
824.5	0.0007381057367
824	0.0007199154352
823.5	0.0004096173216
823	0.001785441767
822.5	0.001085819327
822	-0.0004172679328
821.5	0.0004581198154
821	0.0005490065087
820.5	0.001165645663
820	-0.0001323242759
819.5	0.0006140644546
819	0.0001762237225
818.5	0.00133641006
818	0.001074845437
817.5	0.0004272710648
817	-0.0002809250436
816.5	0.0007644855068
816	0.001179122599
815.5	0.0006497747380999999
815	6.56e-05
814.5	0.0002030293253
814	0.0002465095604
813.5	-0.0004071839503
813	0.0007720723515
812.5	0.0007069099811
812	-0.0004624660942
811.5	3.7e-05
811	0.0003719424421
810.5	-0.0002366664557
810	0.0003978661553
809.5	0.0004118520883
809	8.48e-05
808.5	0.001220241538
808	-0.0004619734245
807.5	0.0005174131948
807	0.0006372760399
806.5	0.0006592714344
806	0.0002281593042
805.5	0.0001676493994
805	0.0002294825244
804.5	0.0006583901704
804	-0.0003148971009
803.5	0.0004700810532
803	3.85e-05
802.5	0.0006646497641
802	0.0009571950650000001
801.5	-0.0006208861596
801	0.000692494039
800.5	-0.0004822771589
800	-0.0001746787166
799.5	-2.41e-05
799	0.0002916173835
798.5	5.47e-05
798	-0.0008263096679
797.5	0.0002492825733
797	-0.000341313309
796.5	-0.0002757214534
796	-0.0002547499607
795.5	-0.000389500201
795	-0.0005255621509
794.5	-0.0004575692292
794	-0.0002382157109
793.5	-0.0004250861239
793	-0.0004271773796
792.5	-0.0006482958561
792	-0.0009978776798
791.5	0.0001614986395
791	-0.0002446102735
790.5	-7.3e-05
790	3.02e-05
789.5	-0.0003686582495
789	7.18e-05
788.5	7.9e-05
788	6.03e-06
787.5	-0.000375369942
787	-0.0004667740141
786.5	-7.14e-05
786	-0.0003424237657
785.5	-0.0006388605107
785	4.21e-05
784.5	-0.0004476845788
784	-0.0005225605564
783.5	-0.0002755163296
783	-0.0001723936002
782.5	-0.0002746117534
782	0.0003314498463
781.5	0.0002516779932
781	0.000129997381
780.5	7.499999999999999e-05
780	0.0006373978686
779.5	0.0005152788945
779	7.779999999999999e-05
778.5	0.0001145957867
778	-4.7e-05
777.5	-0.0002768265258
777	1.7e-05
776.5	-0.0004771042441
776	-0.0003750399337
775.5	-0.0008207854116000001
775	7.220000000000001e-05
774.5	-0.0005286016967
774	-0.0009668697021
773.5	-0.0002715721494
773	-0.000540845911
772.5	-0.0003872778907
772	-0.0001626483427
771.5	-0.0006640671054
771	-0.0004203911813
770.5	-0.0004099811486
770	-0.0005887065199
769.5	-0.0005373607855
769	-0.0001160051033
768.5	-0.0003752252378
768	4.85e-06
767.5	-0.0003128507524
767	-0.0002501624404
766.5	-0.0002705864899
766	-0.0005276566371
765.5	-0.0001169712195
765	-0.0006802729913
764.5	-7.4e-05
764	-7.220000000000001e-05
763.5	-6.23e-05
763	1.17e-05
762.5	0.0002522905415
762	-3.49e-05
761.5	6.59e-05
761	0.0003090560785
760.5	0.0002081424609
760	-0.000217675668
759.5	0.0002602158056
759	0.0001054940512
758.5	7.330000000000001e-05
758	0.0001091813974
757.5	1.93e-05
757	0.0002466149745
756.5	-9.089999999999999e-06
756	-9.899999999999999e-05
755.5	0.0005112425424
755	-0.0007276740507
754.5	-0.0001135227503
754	0.0003202603548
753.5	-0.00023212003
753	-0.0005018035881
752.5	-1.96e-05
752	-8.46e-05
751.5	-0.0002999883727
751	-0.0002430314198
750.5	-0.0003496681165
750	0.0002225518692
749.5	-0.0004153618065
749	-0.0001470619172
748.5	-0.0003220195649
748	8.71e-05
747.5	-0.0001059428687
747	0.0001209753609
746.5	6.91e-05
746	-0.0003516322176
745.5	0.0002753000008
745	-0.0001718280837
744.5	7.7e-05
744	0.0004781699681
743.5	-7.610000000000001e-05
743	0.0002484056749
742.5	0.0002433654299
742	-0.0005609184154
741.5	-3.85e-05
741	-8.68e-05
740.5	-0.0005302679492
740	3.59e-05
739.5	1.01e-05
739	0.000292718265
738.5	0.000591816206
738	0.0002809616271
737.5	0.0004253904044
737	7.59e-05
736.5	0.0001117264474
736	0.0003002474259
735.5	8.37e-05
735	0.0003047299106
734.5	-0.0002320999774
734	-0.0002806363336
733.5	-0.000129051361
733	-0.0005160858273
732.5	-0.0002007951989
732	-0.0003273209732
731.5	-0.0001721320587
731	-0.0001163658453
730.5	-0.0003944854252
730	-0.0004842926573
729.5	-0.0003039136645
729	-0.0005029097665
728.5	-0.0003767273156
728	-0.000720677257
727.5	-0.0006073584082
727	-0.0002219821617
726.5	-0.0005880505778
726	0.000346604822
725.5	0.000176056521
725	0.0002690107212
724.5	0.0003508900118
724	-3.39e-05
723.5	-0.0001496234036
723	-2.39e-05
722.5	-3.84e-05
722	-0.0003051376261
721.5	-1.41e-05
721	0.000245044328
720.5	-6.45e-05
720	0.000106792344
719.5	0.0004043343361
719	-0.0004170877219
718.5	7.41e-05
718	0.0004028646799
717.5	-5.86e-06
717	0.0002667352965
716.5	0.0002608587965
716	0.0005043427809
715.5	0.0001365301432
715	0.000128936168
714.5	0.0007148128934
714	0.0001841227349
713.5	-0.0002747246181
713	0.0001946325501
712.5	3.41e-05
712	-0.0001819578465
711.5	3.2e-05
711	-0.0001407368545
710.5	-0.0002063215506
710	-0.0002698412864
709.5	0.0001570262539
709	0.0002542886359
708.5	-0.0007148475852
708	8.35e-05
707.5	-0.0004468905099
707	-0.0004976653145
706.5	-0.0002299973421
706	-0.0007837475277
705.5	-8.4e-05
705	-0.0001105174742
704.5	-0.00010204727
704	3.8e-05
703.5	-0.0002122293226
703	0.0005023787962
702.5	9.22e-05
702	-0.0002310142881
701.5	0.0005674878485
701	-4.14e-05
700.5	-8.71e-05
700	0.0003662838135
699.5	-0.000244305731
699	0.000350584276
698.5	5.11e-05
698	-9.48e-05
697.5	5.7e-05
697	-0.0001982731919
696.5	0.0001618690585
696	0.0002482931595
695.5	0.0003589682165
695	0.0005066085141
694.5	0.0002129672357
694	0.0001400399196
693.5	0.0006016793195
693	-9.170000000000001e-05
692.5	0.000102140606
692	-1.22e-05
691.5	0.0002962010913
691	-0.000166541402
690.5	7.220000000000001e-05
690	-0.000573207566
689.5	-0.0002120208519
689	-0.0004716993426
688.5	-0.0001621494011
688	-0.0004224476579
687.5	-9.500000000000001e-05
687	-0.0003944693017
686.5	-0.0001945512195
686	-0.0005140797001999999
685.5	-0.0008281831397
685	-0.0003664234246
684.5	-0.0008614418912
684	-0.0008254944114
683.5	0.0001949394064
683	5.12e-05
682.5	9.35e-05
682	0.0001828187524
681.5	-8.6e-05
681	7.270000000000001e-05
680.5	0.0004377199803
680	0.0002329478593
679.5	0.0001466426038
679	4.67e-05
678.5	0.0005409505684
678	0.0003322280536
677.5	0.0001162641493
677	0.0008458218071999999
676.5	-3.42e-05
676	-0.0001691126672
675.5	0.0003207430127
675	-0.0001995869097
674.5	0.0001425453811
674	0.0001885965321
673.5	0.0003582073841
673	0.0005833649775
672.5	-0.0001843071659
672	0.0005045483704
671.5	0.000236735621
671	0.0002550251374
670.5	0.0005882338155
670	0.0001550084271
669.5	0.0003944472992
669	0.00026171832
668.5	-6.28e-05
668	-0.0003239848011
667.5	-0.0002723327198
667	-5.59e-05
666.5	-8.85e-05
666	-0.000874302641
665.5	-0.000472899992
665	-0.0001971659949
664.5	-0.0005282601924
664	-0.0002191631502
663.5	-0.0005777956103
663	-0.0004897082108
662.5	-0.000374654599
662	-0.0005888693267
661.5	-0.0001846727537
661	-0.0005563620361
660.5	0.0002717836178
660	-0.0003108119417
659.5	-0.0006148384418000001
659	0.0002860660315
658.5	-0.0001252332877
658	-0.0002160754811
657.5	0.000329720875
657	-0.0005762929795
656.5	-0.0001759079896
656	-1.48e-05
655.5	-0.0001601997064
655	0.000154901034
654.5	-7.37e-05
654	6.98e-05
653.5	0.0002622589527
653	2.95e-05
652.5	0.0007124482072
652	0.0001541395177
651.5	0.0003214037861
651	0.0006604886148
650.5	0.0002879737294
650	0.0002775972534
649.5	7.279999999999999e-05
649	3.29e-05
648.5	8.26e-05
648	0.0004298306594
647.5	-7.49e-05
647	-8.08e-05
646.5	-0.0004659178958
646	0.0001880425843
645.5	-0.0001315129048
645	-0.0004295464896
644.5	0.0001754536497
644	-0.0008807328413
643.5	-0.0007136291242
643	-0.0004705508181
642.5	-0.0007564396365
642	-0.0006466168560999999
641.5	-0.0009391048225
641	-7.19e-05
640.5	-0.0003936107096
640	-0.0008500317344
639.5	0.0003390135244
639	-0.001106369076
638.5	0.0001281918667
638	0.0002239269234
637.5	-5.45e-05
637	0.0005722153001
636.5	3.01e-05
636	0.001096424297
635.5	0.0002348582784
635	-0.0006256330526
634.5	0.0008852368337
634	-0.0007188271848
633.5	-0.0002430243767
633	0.0002445468563
632.5	-0.0006743419217
632	0.000213219595
631.5	-4.64e-05
631	-2.23e-05
630.5	0.0003246626584
630	0.0002813703613
629.5	0.0002023521083
629	0.0002883280395
628.5	0.0003877532436
628	0.0003628623381
627.5	0.000323794724
627	7.6e-06
626.5	0.0006303197006
626	-0.0003585058439
625.5	-2.37e-05
625	-0.0002371193405
624.5	-0.0004563432303
624	-0.0005270042457
623.5	-0.000275003491
623	-0.0002564661845
622.5	-0.0006816110108
622	-0.0006711024907
621.5	-0.0002721165074
621	-0.0002863210393
620.5	-7.09e-05
620	-0.0001870252017
619.5	-0.0005811105366
619	-0.0007072495646
618.5	-5.04e-05
618	0.0001875595626
617.5	0.0001312014647
617	-0.0002232588449
616.5	0.0006882125163
616	0.0002372846939
615.5	-0.0005052452325
615	0.0007645928417
614.5	9.48e-05
614	0.000270363962
613.5	0.0004200252588
613	-0.0004890862037
612.5	-1.33e-05
612	0.0001289776701
611.5	0.0002784516837
611	0.0001120892048
610.5	-0.0006224211538
610	0.0003618527844
609.5	-5.93e-05
609	0.0001881840144
608.5	0.0004312041274
608	-2.45e-05
607.5	0.0004722424783
607	0.0003108589153
606.5	0.0005193452816
606	0.0001779307204
605.5	6e-05
605	0.0001650917693
604.5	0.0001902590157
604	0.0003469015937
603.5	0.0004242910072
603	0.0002675870201
602.5	-0.0001383471681
602	0.0001739778527
601.5	-0.0001466267422
601	8.339999999999999e-05
600.5	1.99e-05
600	-0.0005246685468999999
599.5	-0.0006942405598
599	0.0001621625561
598.5	-0.0003098482266
598	-0.0005964924931
597.5	-0.001021448174
597	-0.0003722973343
596.5	-0.0003439525026
596	-0.0006069045048
595.5	0.0005731720594
595	-0.0002234417771
594.5	0.0006026257761
594	0.0006101695471
593.5	0.0002359077771
593	0.00075775804
592.5	5.6e-05
592	0.0002698794706
591.5	0.0001667007455
591	-0.001176585094
590.5	0.0002557559928
590	-0.0003780610277
589.5	-0.0007680667331
589	0.0006940921303
588.5	0.00014623077
588	0.0006204904639
587.5	0.0006615332677
587	0.0002121141297
586.5	0.0002684673527
586	0.0004569234443
585.5	0.000662666338
585	0.0004893879523
584.5	0.0001991948229
584	0.0006241274532
583.5	5.91e-05
583	3.8e-05
582.5	0.0002181607415
582	-0.0001209213806
581.5	-1.9e-05
581	5.06e-05
580.5	-0.0005987008335
580	-0.00063361309
579.5	-0.0003736537474
579	-5.83e-05
578.5	-0.0002574548125
578	-0.001000522869
577.5	-0.0007278966368
577	-0.000357513054
576.5	-0.0007000272162000001
576	0.0004150068853
575.5	-0.0002746655955
575	-0.0006682786043
574.5	-6.13e-05
574	-0.0004295462859
573.5	-0.0003335988731
573	-0.0001617294329
572.5	0.0007285912288
572	0.0004604927672
571.5	-0.0005052014603
571	0.0005945269368
570.5	0.0004355468263
570	5.36e-05
569.5	5.39e-05
569	1.28e-05
568.5	1.16e-05
568	-3.23e-05
567.5	0.0002327875845
567	0.0002234789281
566.5	0.0001880519849
566	0.0003846557229
565.5	0.0002196928108
565	0.0003591066925
564.5	0.0001345475757
564	0.0003867975029
563.5	-2.58e-05
563	0.0004752534442
562.5	-7.73e-05
562	-0.0001655980595
561.5	0.0003064895864
561	-0.0004380774626
560.5	-0.0002527741308
560	-0.0005937090027
559.5	-0.0003062962205
559	-0.0004393353593
558.5	-0.0003812687355
558	-0.000240221736
557.5	-0.0004446937819
557	-0.0004332711687
556.5	-0.0002234174899
556	-7.550000000000001e-05
555.5	-0.0003611969878
555	-0.0005379540962
554.5	-0.0009963712655
554	-0.001070924918
553.5	-0.0004342361644
553	-9.16e-05
552.5	-0.0001238775731
552	-0.0001917968184
551.5	0.0002695150324
551	0.0001703330199
550.5	-0.0001583925623
550	0.0002025306894
549.5	-0.0001948990248
549	3.94e-05
548.5	-0.0004394282296
548	-0.0009529538802
547.5	-0.0006167857791
547	-0.0003459156724
546.5	-8.4e-05
546	-9.890000000000001e-05
545.5	-0.0003895778209
545	0.0001781991014
544.5	-0.0001367392688
544	0.000122360012
543.5	7.81e-05
543	7.97e-05
542.5	0.0003720591776
542	0.0002712127753
541.5	4.89e-05
541	-0.0002340438368
540.5	-0.0003336849622
540	-0.0001131983445
539.5	-0.0001417252934
539	-0.0002693835413
538.5	-0.0005880101817
538	-0.0002386949782
537.5	-0.0004179098178
537	-0.0003048505168
536.5	-0.0007906656829
536	-0.0006681655068
535.5	-0.0003623374214
535	-0.0009851589566
534.5	-0.0007030690322
534	-0.0009333975031
533.5	-0.0001375709398
533	-0.0002156641422
532.5	-0.001132596284
532	0.0001856960589
531.5	-0.0007120130467
531	-0.000426069746
530.5	0.0001390885736
530	-0.0001242994913
529.5	0.0002132587251
529	0.0002552533115
528.5	-9.42e-05
528	0.0002066026791
527.5	0.0001858796604
527	0.0008638202562
526.5	0.0003268400324
526	-0.0004333111574
525.5	0.0004900858621
525	0.0001751179952
524.5	-0.0003415289102
524	-5.55e-05
523.5	2.89e-05
523	9.13e-05
522.5	0.0001611058688
522	0.0002594100952
521.5	0.0002729048138
521	0.0003948019585
520.5	0.0002246373479
520	0.0003606374667
519.5	0.0001205831359
519	0.0004729002831
518.5	4.57e-05
518	-0.0002402027749
517.5	6.1e-05
517	-0.0004553629842
516.5	-0.0004064328677
516	-0.0003250160371
515.5	-0.0009479749715
515	-0.001019340707
514.5	-0.0002230629179
514	-4.76e-05
513.5	-0.0004477354523
513	-0.0003085837525
512.5	-0.0005362849915
512	-0.0005213429686
511.5	-0.0007744366303
511	1.32e-05
510.5	-0.0001907412807
510	-0.0002368248533
509.5	0.0001914405439
509	-0.0002794747124
508.5	0.0003970602411
508	6.7e-05
507.5	-6.490000000000001e-05
507	0.0002148011408
506.5	-0.000434288464
506	0.0002480593685
505.5	-0.0001351419487
505	-0.0001937810302
504.5	0.0004807495279
504	0.0001549971203
503.5	-1.09e-05
503	0.0001936137996
502.5	7.43e-05
502	0.00110226078
501.5	0.00244059437
501	0.005594161339
500.5	0.01578728668
500	0.04791339859
499.5	0.161453262
499	0.6397776008
498.5	3.410474539
498	17.02809143
497.5	47.68005753
497	76.97718048
496.5	88.90325165
496	91.75966644
495.5	94.57666779
495	96.12255859
494.5	96.14217377
494	95.94801330999999
493.5	96.09344482
493	96.28041077
492.5	96.24800873
492	96.03118895999999
491.5	95.86170197
491	96.02758025999999
490.5	96.48139954
490	96.97566223
489.5	97.18972015
489	97.06400299000001
488.5	96.81539917000001
488	96.80381774999999
487.5	97.0414505
487	97.38552856
486.5	97.68735504
486	97.85952759
485.5	97.90605164
485	97.84575653
484.5	97.68775177000001
484	97.39874268
483.5	97.09867096000001
483	96.79319
482.5	96.52178192
482	96.23204803
481.5	95.86981201
481	95.41984558
480.5	95.13381194999999
480	95.1852951
479.5	95.5319519
479	95.79559326
478.5	95.68812561
478	95.31377411
477.5	95.17001343
477	95.51869965
476.5	96.04290009
476	95.98001099
475.5	95.20175171
475	94.48815918
474.5	94.36117554
474	94.08067321999999
473.5	92.32516479
473	80.55844116
472.5	50.95513535
472	19.57828903
471.5	4.153460503
471	0.6846888661
470.5	0.1396560669
470	0.03428342938
469.5	0.00908969529
469	0.003084539901
468.5	0.0006807481986
468	-1.52e-05
467.5	0.0001128113217
467	-0.001123649883
466.5	-0.0003777489474
466	-0.0001192469281
465.5	0.0005947399768
465	1.6e-05
464.5	-0.0006614880404
464	0.0005277117016
463.5	-4.35e-05
463	0.0002416821226
462.5	0.0007670457126
462	0.0003131197882
461.5	0.0004449746339
461	0.0001698397537
460.5	-0.0006547156372
460	-0.0005559988202999999
459.5	-2.49e-05
459	0.0001866888924
458.5	0.0001264772582
458	-0.0006652893499
457.5	0.000195938017
457	-3.22e-05
456.5	-5.24e-05
456	0.0003638311755
455.5	0.0003169061383
455	0.0002699716424
454.5	0.0002878307132
454	-3.35e-05
453.5	-0.0002724270162
453	0.0004418509488
452.5	-0.0002159020078
452	-0.0007814724813
451.5	-0.0007354890113
451	-0.0006800534902
450.5	-0.000687637541
450	-0.0007109408034
449.5	4.07e-05
449	-0.0004726620391
448.5	-0.0002009545424
448	-0.0002351925068
447.5	-0.0007146809949
447	-0.000246580923
446.5	1.15e-05
446	-0.0004981264938
445.5	-0.0006754046772
445	-0.0006583265495
444.5	0.0001129504453
444	0.0001829938556
443.5	-0.0003737927473
443	0.0007204934373
442.5	0.000581916247
442	-2.21e-05
441.5	0.0006944035995
441	-0.0003765135771
440.5	0.0002245508513
440	0.0001920613431
439.5	0.0005716775195
439	6.2e-05
438.5	-0.0001145391143
438	0.0001316628623
437.5	-0.0002735931193
437	-0.0002611532109
436.5	0.0002622864558
436	0.0002238692396
435.5	-0.0001441400818
435	0.0001237985707
434.5	-0.0002523580333
434	-9.75e-05
433.5	5.43e-05
433	0.0002003685513
432.5	-7.79e-05
432	-0.000169040839
431.5	-4.34e-05
431	-0.0002357756748
430.5	-0.0004611360491
430	-0.0001883659861
429.5	-0.0003535898577
429	-0.0008077225066
428.5	-0.000216768196
428	-0.000834087783
427.5	-0.0008819279028
427	0.0003917137801
426.5	-0.0006744709681000001
426	-0.0001811630354
425.5	-0.0003778069804
425	-0.001332553453
424.5	-0.0008908516029
424	-0.0008175704279
423.5	-0.0003333011991
423	-0.0001552417962
422.5	-0.0003956234141
422	0.0001925493707
421.5	5.11e-07
421	-0.0004671907809
420.5	0.0004815054126
420	0.0001348914229
419.5	0.0005138223642
419	0.0004498178896
418.5	6.59e-05
418	-0.0001825384243
417.5	0.0002383517131
417	-5.89e-05
416.5	1.73e-05
416	-0.0002398279321
415.5	0.0001825098589
415	0.0001139941232
414.5	4.58e-05
414	0.0004890633863
413.5	9.26e-05
413	0.0002759379568
412.5	0.0001713771926
412	-6.719999999999999e-05
411.5	-0.0004201424017
411	-0.0003758883395
410.5	-0.0002470909385
410	-0.0005508416798
409.5	-0.0003415888932
409	-0.0009457097622
408.5	-0.0008781686774000001
408	-0.000873872079
407.5	-0.0001588060113
407	-0.0002171302913
406.5	-0.0003807654139
406	-1.92e-05
405.5	-0.0005203781766
405	-0.0002942085266
404.5	-0.0004682891886
404	-0.0006978419842
403.5	-0.000806971977
403	-0.0007604727871
402.5	-0.000610795978
402	-0.0004868256801
401.5	-0.00117394072
401	0.0003191185533
400.5	0.0003184438392
400	-0.0006937169819
399.5	0.0008402261301
399	-0.0004285934265
398.5	-6.97e-05
398	0.0004993731272
397.5	-0.0001235375385
397	-0.0001722377638
396.5	0.0004628663301
396	-4.32e-05
395.5	7.68e-05
395	-0.0003561749181
394.5	0.0004148651788
394	5.62e-05
393.5	-0.0002173247194
393	0.0002984165912
392.5	-9.3e-05
392	6.43e-05
391.5	0.0003971907136
391	9.73e-06
390.5	0.000148611638
390	0.000310222269
389.5	-0.0003114260617
389	0.0002554660896
388.5	-0.0003677817585
388	-0.0001747146744
387.5	-2.29e-06
387	-0.0006138173048
386.5	6.219999999999999e-05
386	-0.0006016924162000001
385.5	-0.0007175398058999999
385	-4.63e-06
384.5	-0.0003657352063
384	-0.0005313685979
383.5	-0.0005325368256000001
383	-0.0007286260952
382.5	-0.001118222135
382	-0.0005691812257
381.5	-0.0005718569737
381	-0.0003869165084
380.5	-0.00117681874
380	-3.54e-05
379.5	-0.000179430499
379	-0.0001437033061
378.5	0.000686168205
378	0.0002594485413
377.5	0.0006375003722
377	0.0006054119439999999
376.5	0.0002983010199
376	0.0001795706339
375.5	-1.92e-05
375	0.0001058938651
374.5	3.9e-05
374	-8.03e-05
373.5	0.0001317766437
373	-0.0002376136108
372.5	0.0001308681531
372	-0.0002749050036
371.5	0.0001314896799
371	0.0002393971663
370.5	0.0001757883729
370	-0.0003442689776
369.5	4.17e-05
369	0.0003892845998
368.5	-5.68e-05
368	0.0001902850781
367.5	5.16e-05
367	0.0001019313495
366.5	-3.69e-05
366	4.23e-05
365.5	3.84e-05
365	-3.61e-05
364.5	-0.001022275654
364	4.98e-05
363.5	-0.000171531763
363	-7.64e-05
362.5	0.0007129642763
362	0.0003458260035
361.5	0.0004490546999
361	0.0003186147369
360.5	-0.0005491336342
360	-0.0008532396168
359.5	5.98e-05
359	-0.000563346257
358.5	0.0004864056245
358	-0.000337292091
357.5	0.0006382165593
357	0.0004656725796
356.5	0.0006541619659
356	0.0009020030848
355.5	0.0005279822508
355	0.0005625014892
354.5	0.0005920607946
354	0.0004753435496
353.5	0.0007990619633
353	0.0006452771486
352.5	0.0006807222962
352	0.000951458409
351.5	-0.0001042122312
351	7.08e-05
350.5	0.0001127070718
350	0.0001244312152
349.5	0.0003924394259
349	3.9e-05
348.5	0.0004113565374
348	0.0008143395535
347.5	0.0008078069077
347	0.0004809456586
346.5	0.001772191375
346	0.00104333018
345.5	0.0005791313597
345	0.0001168575327
344.5	9.229999999999999e-05
344	-2.04e-05
343.5	0.0004876717867
343	0.0007896140451
342.5	-1.03e-05
342	-0.0002593919344
341.5	0.0001398508612
341	-6.87e-05
340.5	-0.0005731505807
340	0.0004507846897
339.5	-0.000279405911
339	7.41e-05
338.5	0.0002620411105
338	-0.0002400473022
337.5	0.0003327054146
337	0.0002352840092
336.5	0.0005348052364
336	0.0005294237053
335.5	-0.000571646262
335	0.0003856063704
334.5	0.0003461546148
334	-0.0001182308697
333.5	0.0007239839179
333	0.000492484658
332.5	0.0004551837337
332	0.0005277259042
331.5	2.61e-05
331	0.0002123812301
330.5	0.0004265780735
330	0.0001191336778
329.5	0.0006975951255
329	0.0005157163250000001
328.5	0.0006531193503
328	-0.0002608125797
327.5	0.0004480367934
327	0.0005684294156
326.5	0.0005433136248
326	0.0004828977108
325.5	0.0006797611131
325	0.0001808945235
324.5	0.0002551962389
324	0.000374761381
323.5	0.0002080448612
323	-0.0001513494935
322.5	0.0001826632069
322	0.0003577426542
321.5	-0.0003367759637
321	-0.0001439111365
320.5	0.0003610744898
320	0.0003585610248
319.5	-0.0004642714048
319	0.0003383097355
318.5	0.0002073813957
318	-0.000334281096
317.5	0.000467695907
317	0.0002737414325
316.5	-1.03e-05
316	0.0008102856809
315.5	-6.439999999999999e-05
315	4.47e-06
314.5	0.0005349228741
314	0.0005564286257
313.5	0.0007384877536
313	0.0001929249265
312.5	0.000788574398
312	0.0007411754923
311.5	0.0004740538425
311	0.0009530238458
310.5	0.0005530879134
310	0.0004311808443
309.5	0.0004185754224
309	0.0001828562235
308.5	0.0002691245172
308	0.0004974188632
307.5	0.0001454673475
307	0.0007392936968
306.5	-0.0002060337283
306	0.0003448645584
305.5	6.62e-05
305	0.0002750287531
304.5	0.000343390624
304	0.0004037282779
303.5	0.0007080459618
303	0.0004379728925
302.5	0.0001356138091
302	0.0002795628097
301.5	0.0008525134181
301	0.0005102348514
300.5	-0.0001204294895
300	0.000212734114
299.5	0.0002521841088
299	1.18e-05
298.5	0.0001124483024
298	0.0007211132906
297.5	0.0002241809852
297	-0.0001155831123
296.5	0.0002647909569
296	0.0001252293441
295.5	-0.0002617040591
295	0.0004112879978
294.5	0.000331527699
294	0.0005432665929999999
293.5	0.00025641307
293	0.0003428221098
292.5	0.0008076837985
292	0.0007200151449
291.5	0.0005770777352
291	0.0007913976442
290.5	0.0005566436448
290	0.001047951053
289.5	0.0006405963795
289	0.0005794777535
288.5	0.0005222131149
288	0.0004228079051
287.5	0.0004952059244
287	-8.21e-05
286.5	-0.0003753090859
286	-4.51e-05
285.5	-6.54e-05
285	-0.0001124244227
284.5	0.0002595557307
284	-0.0004150943714
283.5	0.000182086631
283	0.0001966605196
282.5	0.0002644020133
282	2.26e-06
281.5	0.0002197805588
281	0.0001540141238
280.5	0.0002777769987
280	0.0001234672091
279.5	-7.66e-06
279	0.0004708803899
278.5	6.74e-05
278	0.0008916522493
277.5	0.0001508884598
277	5.56e-05
276.5	-0.0001608279563
276	0.0003013892565
275.5	0.0001535814226
275	0.000323094253
274.5	-0.0001948548743
274	0.0003443049209
273.5	0.0002626787173
273	2.16e-05
272.5	0.0006318952073
272	0.0004798069713
271.5	0.0005702935158999999
271	0.0008777907351
270.5	0.0002926466404
270	0.0008521520649
269.5	0.000317658647
269	0.0006099640741
268.5	0.0009204249945
268	0.0003229772847
267.5	0.0005152054364
267	0.0005972559447
266.5	0.0006059249281
266	0.0004902241053
265.5	0.0004199143441
265	0.0002536296088
264.5	0.0006300685345
264	0.0004028174735
263.5	0.0002769725688
263	0.0004553215113
262.5	0.000262329384
262	0.000330893643
261.5	0.0001857655152
261	3.28e-05
260.5	0.0006313720369
260	0.0001680336864
259.5	0.0005439731175999999
259	0.0003108117089
258.5	5.65e-05
258	0.0002316214523
257.5	0.0005112373619
257	-0.0001017460454
256.5	0.0005042936536
256	0.0001905954996
255.5	0.0006785650621
255	0.0008081117994
254.5	-0.0002139329154
254	0.0005372306332
253.5	0.0006833283114000001
253	0.0006191054708
252.5	0.0002314595622
252	-0.0002253626444
251.5	2.15e-05
251	0.0001513247116
250.5	0.0001758880098
250	9.22e-05
249.5	0.0006166411913
249	0.0002990128996
248.5	0.0004949567374
248	0.0004885133239
247.5	0.0005713407299
247	0.0006449954235
246.5	0.0005167144118
246	0.0008585493779
245.5	0.0002479552932
245	0.0002795236942
244.5	0.0005631826352
244	5.33e-05
243.5	0.0001599992102
243	0.0004768804938
242.5	-0.0001022276265
242	0.0003715840285
241.5	4.32e-05
241	0.0003116724547
240.5	0.0003198047925
240	9.22e-05
239.5	0.000275337632
239	0.0002435811184
238.5	-0.0002466742881
238	0.0004600724787
237.5	0.0004929705756
237	0.0005848869332
236.5	0.0004102206731
236	0.0006976013537
235.5	0.0007777347345999999
235	0.0001487709087
234.5	0.0001142496694
234	0.000745112251
233.5	0.0001082900999
233	8.15e-05
232.5	0.000631833158
232	0.000369344838
231.5	0.0001969673322
231	0.000728805142
230.5	0.0004807317455
230	0.0005262756022
229.5	0.0005747143296
229	0.0004509688879
228.5	0.0005540914135
228	0.0001158679515
227.5	0.0007751330268000001
227	0.0008299368201
226.5	0.0005261222832
226	0.0006933799596
225.5	0.000400819059
225	0.0003574773145
224.5	0.001031611697
224	0.0010027315
223.5	0.0004534884647
223	0.0008191908128
222.5	0.0005001430982
222	0.000799731235
221.5	0.0004205004079
221	0.0002676937729
220.5	0.00050631864
220	0.0002264080831
219.5	5.07e-05
219	0.0002232551196
218.5	-1.95e-05
218	0.0002044745779
217.5	0.0004008879478
217	0.0001788958907
216.5	0.0002593447571
216	0.0001540251251
215.5	0.0002447904844
215	0.0003287278523
214.5	0.000236743741
214	0.0003301573452
213.5	0.0004078323836
213	-0.000161238102
212.5	0.0001947421406
212	0.000469574763
211.5	0.0007452788996
211	0.0007699280977
210.5	0.0003050943487
210	0.0009946767240999999
209.5	0.0001529684523
209	-7.36e-05
208.5	0.0006668838323
208	0.0003000023717
207.5	2.76e-06
207	0.0007735020481
206.5	0.0005165899638
206	0.0005490073236
205.5	0.0006540353061
205	0.0006217732443
204.5	0.000717827992
204	0.0002750540443
203.5	0.0002708747052
203	0.0006864265888
202.5	0.000834522536
202	0.0006939797895
201.5	0.0008256378351000001
201	0.0001511702576
200.5	0.0004152070615
200	0.0002305489324
