wl	%T
300.0	2.1569e-07
300.2	2.1329e-07
300.4	2.1091e-07
300.6	2.0856e-07
300.8	2.0624e-07
301.0	2.0394e-07
301.2	2.0167e-07
301.4	1.9942e-07
301.6	1.972e-07
301.8	1.95e-07
302.0	1.921e-07
302.2	1.8924e-07
302.4	1.8642e-07
302.6	1.8364e-07
302.8	1.8091e-07
303.0	1.7821e-07
303.2	1.7555e-07
303.4	1.7294e-07
303.6	1.7036e-07
303.8	1.6782e-07
304.0	1.9268e-07
304.2	2.307e-07
304.4	2.7621e-07
304.6	3.3071e-07
304.8	3.9595e-07
305.0	4.7407e-07
305.2	5.676e-07
305.4	6.7959e-07
305.6	8.1366e-07
305.8	9.7419e-07
306.0	9.7632e-07
306.2	8.579e-07
306.4	7.5384e-07
306.6	6.6241e-07
306.8	5.8207e-07
307.0	5.1147e-07
307.2	4.4943e-07
307.4	3.9492e-07
307.6	3.4702e-07
307.8	3.0493e-07
308.0	2.8643e-07
308.2	3.0142e-07
308.4	3.1719e-07
308.6	3.3379e-07
308.8	3.5125e-07
309.0	3.6963e-07
309.2	3.8898e-07
309.4	4.0933e-07
309.6	4.3075e-07
309.8	4.5329e-07
310.0	4.7882e-07
310.2	5.2828e-07
310.4	5.8285e-07
310.6	6.4306e-07
310.8	7.0948e-07
311.0	7.8277e-07
311.2	8.6363e-07
311.4	9.5284e-07
311.6	1.0513e-06
311.8	1.1599e-06
312.0	1.2555e-06
312.2	1.3584e-06
312.4	1.4698e-06
312.6	1.5903e-06
312.8	1.7206e-06
313.0	1.8616e-06
313.2	2.0142e-06
313.4	2.1793e-06
313.6	2.358e-06
313.8	2.5512e-06
314.0	2.5635e-06
314.2	2.5179e-06
314.4	2.4731e-06
314.6	2.4291e-06
314.8	2.3859e-06
315.0	2.3435e-06
315.2	2.3019e-06
315.4	2.2609e-06
315.6	2.2207e-06
315.8	2.1812e-06
316.0	2.1514e-06
316.2	2.1289e-06
316.4	2.1066e-06
316.6	2.0845e-06
316.8	2.0627e-06
317.0	2.041e-06
317.2	2.0197e-06
317.4	1.9985e-06
317.6	1.9775e-06
317.8	1.9568e-06
318.0	2.0376e-06
318.2	2.3183e-06
318.4	2.6378e-06
318.6	3.0013e-06
318.8	3.4148e-06
319.0	3.8854e-06
319.2	4.4208e-06
319.4	5.03e-06
319.6	5.7231e-06
319.8	6.5118e-06
320.0	7.366e-06
320.2	7.792e-06
320.4	8.2426e-06
320.6	8.7193e-06
320.8	9.2236e-06
321.0	9.757e-06
321.2	1.0321e-05
321.4	1.0918e-05
321.6	1.155e-05
321.8	1.2218e-05
322.0	9.75e-06
322.2	7.7362e-06
322.4	6.1384e-06
322.6	4.8705e-06
322.8	3.8645e-06
323.0	3.0663e-06
323.2	2.433e-06
323.4	1.9305e-06
323.6	1.5318e-06
323.8	1.2154e-06
324.0	1.174e-06
324.2	1.1988e-06
324.4	1.224e-06
324.6	1.2499e-06
324.8	1.2762e-06
325.0	1.3031e-06
325.2	1.3306e-06
325.4	1.3586e-06
325.6	1.3873e-06
325.8	1.4165e-06
326.0	1.348e-06
326.2	1.2189e-06
326.4	1.1022e-06
326.6	9.9664e-07
326.8	9.0121e-07
327.0	8.1492e-07
327.2	7.3689e-07
327.4	6.6633e-07
327.6	6.0252e-07
327.8	5.4483e-07
328.0	5.2272e-07
328.2	5.5126e-07
328.4	5.8136e-07
328.6	6.1311e-07
328.8	6.4659e-07
329.0	6.8189e-07
329.2	7.1913e-07
329.4	7.584e-07
329.6	7.9981e-07
329.8	8.4348e-07
330.0	8.9137e-07
330.2	9.6058e-07
330.4	1.0352e-06
330.6	1.1156e-06
330.8	1.2022e-06
331.0	1.2955e-06
331.2	1.3961e-06
331.4	1.5045e-06
331.6	1.6214e-06
331.8	1.7473e-06
332.0	1.28e-06
332.2	9.1888e-07
332.4	6.5962e-07
332.6	4.7351e-07
332.8	3.3991e-07
333.0	2.4401e-07
333.2	1.7516e-07
333.4	1.2574e-07
333.6	9.0263e-08
333.8	6.4796e-08
334.0	5.9335e-08
334.2	5.8802e-08
334.4	5.8273e-08
334.6	5.7749e-08
334.8	5.723e-08
335.0	5.6716e-08
335.2	5.6206e-08
335.4	5.57e-08
335.6	5.5199e-08
335.8	5.4703e-08
336.0	5.981e-08
336.2	7.0534e-08
336.4	8.3182e-08
336.6	9.8097e-08
336.8	1.1569e-07
337.0	1.3643e-07
337.2	1.6089e-07
337.4	1.8974e-07
337.6	2.2376e-07
337.8	2.6388e-07
338.0	2.9791e-07
338.2	3.1272e-07
338.4	3.2827e-07
338.6	3.4459e-07
338.8	3.6173e-07
339.0	3.7971e-07
339.2	3.986e-07
339.4	4.1842e-07
339.6	4.3922e-07
339.8	4.6106e-07
340.0	4.8176e-07
340.2	4.8175e-07
340.4	4.8174e-07
340.6	4.8173e-07
340.8	4.8172e-07
341.0	4.8171e-07
341.2	4.817e-07
341.4	4.8169e-07
341.6	4.8168e-07
341.8	4.8167e-07
342.0	3.8139e-07
342.2	2.9673e-07
342.4	2.3087e-07
342.6	1.7962e-07
342.8	1.3975e-07
343.0	1.0873e-07
343.2	8.4594e-08
343.4	6.5816e-08
343.6	5.1207e-08
343.8	3.984e-08
344.0	4.3935e-08
344.2	5.4767e-08
344.4	6.8269e-08
344.6	8.5101e-08
344.8	1.0608e-07
345.0	1.3224e-07
345.2	1.6484e-07
345.4	2.0548e-07
345.6	2.5614e-07
345.8	3.193e-07
346.0	3.6369e-07
346.2	3.8535e-07
346.4	4.083e-07
346.6	4.3261e-07
346.8	4.5838e-07
347.0	4.8568e-07
347.2	5.146e-07
347.4	5.4525e-07
347.6	5.7773e-07
347.8	6.1213e-07
348.0	6.3788e-07
348.2	6.4653e-07
348.4	6.5529e-07
348.6	6.6418e-07
348.8	6.7318e-07
349.0	6.823e-07
349.2	6.9155e-07
349.4	7.0093e-07
349.6	7.1043e-07
349.8	7.2006e-07
350.0	7.312e-07
350.2	7.5601e-07
350.4	7.8166e-07
350.6	8.0818e-07
350.8	8.356e-07
351.0	8.6395e-07
351.2	8.9327e-07
351.4	9.2357e-07
351.6	9.5491e-07
351.8	9.8731e-07
352.0	1.0466e-06
352.2	1.1116e-06
352.4	1.1807e-06
352.6	1.254e-06
352.8	1.3318e-06
353.0	1.4145e-06
353.2	1.5024e-06
353.4	1.5956e-06
353.6	1.6947e-06
353.8	1.8e-06
354.0	1.8912e-06
354.2	1.9799e-06
354.4	2.0726e-06
354.6	2.1697e-06
354.8	2.2714e-06
355.0	2.3778e-06
355.2	2.4892e-06
355.4	2.6058e-06
355.6	2.7279e-06
355.8	2.8557e-06
356.0	2.9448e-06
356.2	3.0017e-06
356.4	3.0596e-06
356.6	3.1187e-06
356.8	3.1789e-06
357.0	3.2403e-06
357.2	3.3029e-06
357.4	3.3667e-06
357.6	3.4317e-06
357.8	3.4979e-06
358.0	3.4728e-06
358.2	3.3087e-06
358.4	3.1524e-06
358.6	3.0035e-06
358.8	2.8616e-06
359.0	2.7264e-06
359.2	2.5976e-06
359.4	2.4748e-06
359.6	2.3579e-06
359.8	2.2465e-06
360.0	2.1543e-06
360.2	2.1833e-06
360.4	2.2128e-06
360.6	2.2426e-06
360.8	2.2728e-06
361.0	2.3034e-06
361.2	2.3345e-06
361.4	2.3659e-06
361.6	2.3978e-06
361.8	2.4301e-06
362.0	2.4937e-06
362.2	2.561e-06
362.4	2.6301e-06
362.6	2.701e-06
362.8	2.7739e-06
363.0	2.8487e-06
363.2	2.9256e-06
363.4	3.0045e-06
363.6	3.0856e-06
363.8	3.1688e-06
364.0	3.2445e-06
364.2	3.319e-06
364.4	3.3952e-06
364.6	3.4732e-06
364.8	3.5529e-06
365.0	3.6344e-06
365.2	3.7179e-06
365.4	3.8032e-06
365.6	3.8905e-06
365.8	3.9798e-06
366.0	3.9752e-06
366.2	3.9052e-06
366.4	3.8365e-06
366.6	3.769e-06
366.8	3.7027e-06
367.0	3.6376e-06
367.2	3.5736e-06
367.4	3.5107e-06
367.6	3.4489e-06
367.8	3.3883e-06
368.0	3.5476e-06
368.2	4.0633e-06
368.4	4.6541e-06
368.6	5.3307e-06
368.8	6.1058e-06
369.0	6.9935e-06
369.2	8.0102e-06
369.4	9.1748e-06
369.6	1.0509e-05
369.8	1.2037e-05
370.0	1.365e-05
370.2	1.4436e-05
370.4	1.5268e-05
370.6	1.6148e-05
370.8	1.7079e-05
371.0	1.8063e-05
371.2	1.9104e-05
371.4	2.0205e-05
371.6	2.1369e-05
371.8	2.2601e-05
372.0	2.1035e-05
372.2	1.9404e-05
372.4	1.79e-05
372.6	1.6512e-05
372.8	1.5232e-05
373.0	1.4051e-05
373.2	1.2962e-05
373.4	1.1957e-05
373.6	1.103e-05
373.8	1.0175e-05
374.0	1.026e-05
374.2	1.0632e-05
374.4	1.1017e-05
374.6	1.1416e-05
374.8	1.183e-05
375.0	1.2259e-05
375.2	1.2703e-05
375.4	1.3164e-05
375.6	1.3641e-05
375.8	1.4135e-05
376.0	1.3267e-05
376.2	1.1657e-05
376.4	1.0243e-05
376.6	9.0e-06
376.8	7.908e-06
377.0	6.9484e-06
377.2	6.1053e-06
377.4	5.3645e-06
377.6	4.7136e-06
377.8	4.1417e-06
378.0	4.063e-06
378.2	4.6128e-06
378.4	5.237e-06
378.6	5.9456e-06
378.8	6.7501e-06
379.0	7.6635e-06
379.2	8.7004e-06
379.4	9.8777e-06
379.6	1.1214e-05
379.8	1.2732e-05
380.0	1.3786e-05
380.2	1.1023e-05
380.4	8.8139e-06
380.6	7.0474e-06
380.8	5.6349e-06
381.0	4.5056e-06
381.2	3.6026e-06
381.4	2.8805e-06
381.6	2.3032e-06
381.8	1.8416e-06
382.0	2.1873e-06
382.2	2.6827e-06
382.4	3.2903e-06
382.6	4.0354e-06
382.8	4.9493e-06
383.0	6.0702e-06
383.2	7.4449e-06
383.4	9.131e-06
383.6	1.1199e-05
383.8	1.3735e-05
384.0	1.3505e-05
384.2	1.2382e-05
384.4	1.1354e-05
384.6	1.041e-05
384.8	9.5452e-06
385.0	8.7521e-06
385.2	8.0249e-06
385.4	7.3581e-06
385.6	6.7467e-06
385.8	6.1861e-06
386.0	5.8887e-06
386.2	5.7475e-06
386.4	5.6096e-06
386.6	5.475e-06
386.8	5.3436e-06
387.0	5.2154e-06
387.2	5.0903e-06
387.4	4.9682e-06
387.6	4.849e-06
387.8	4.7327e-06
388.0	4.5496e-06
388.2	4.2901e-06
388.4	4.0454e-06
388.6	3.8147e-06
388.8	3.5971e-06
389.0	3.3919e-06
389.2	3.1984e-06
389.4	3.016e-06
389.6	2.8439e-06
389.8	2.6817e-06
390.0	2.5984e-06
390.2	2.9751e-06
390.4	3.4064e-06
390.6	3.9002e-06
390.8	4.4656e-06
391.0	5.113e-06
391.2	5.8542e-06
391.4	6.7029e-06
391.6	7.6746e-06
391.8	8.7872e-06
392.0	9.0947e-06
392.2	9.3251e-06
392.4	9.5613e-06
392.6	9.8035e-06
392.8	1.0052e-05
393.0	1.0307e-05
393.2	1.0568e-05
393.4	1.0835e-05
393.6	1.111e-05
393.8	1.1391e-05
394.0	1.0652e-05
394.2	9.6743e-06
394.4	8.7866e-06
394.6	7.9804e-06
394.8	7.2482e-06
395.0	6.5832e-06
395.2	5.9791e-06
395.4	5.4305e-06
395.6	4.9323e-06
395.8	4.4797e-06
396.0	4.6788e-06
396.2	5.3637e-06
396.4	6.1489e-06
396.6	7.0491e-06
396.8	8.081e-06
397.0	9.264e-06
397.2	1.062e-05
397.4	1.2175e-05
397.6	1.3957e-05
397.8	1.6001e-05
398.0	1.6686e-05
398.2	1.5499e-05
398.4	1.4396e-05
398.6	1.3372e-05
398.8	1.242e-05
399.0	1.1537e-05
399.2	1.0716e-05
399.4	9.9537e-06
399.6	9.2455e-06
399.8	8.5877e-06
400.0	8.1557e-06
400.2	8.7829e-06
400.4	9.4584e-06
400.6	1.0186e-05
400.8	1.0969e-05
401.0	1.1813e-05
401.2	1.2721e-05
401.4	1.37e-05
401.6	1.4753e-05
401.8	1.5888e-05
402.0	1.5124e-05
402.2	1.4157e-05
402.4	1.3252e-05
402.6	1.2405e-05
402.8	1.1612e-05
403.0	1.0869e-05
403.2	1.0174e-05
403.4	9.5239e-06
403.6	8.915e-06
403.8	8.345e-06
404.0	8.9561e-06
404.2	1.0111e-05
404.4	1.1414e-05
404.6	1.2885e-05
404.8	1.4546e-05
405.0	1.6421e-05
405.2	1.8538e-05
405.4	2.0928e-05
405.6	2.3625e-05
405.8	2.6671e-05
406.0	2.752e-05
406.2	2.6606e-05
406.4	2.5723e-05
406.6	2.4869e-05
406.8	2.4043e-05
407.0	2.3245e-05
407.2	2.2473e-05
407.4	2.1727e-05
407.6	2.1006e-05
407.8	2.0308e-05
408.0	2.003e-05
408.2	2.0283e-05
408.4	2.054e-05
408.6	2.0801e-05
408.8	2.1064e-05
409.0	2.1331e-05
409.2	2.1601e-05
409.4	2.1875e-05
409.6	2.2152e-05
409.8	2.2433e-05
410.0	2.2716e-05
410.2	2.2995e-05
410.4	2.3278e-05
410.6	2.3563e-05
410.8	2.3853e-05
411.0	2.4146e-05
411.2	2.4442e-05
411.4	2.4742e-05
411.6	2.5046e-05
411.8	2.5354e-05
412.0	2.2861e-05
412.2	2.0275e-05
412.4	1.7981e-05
412.6	1.5947e-05
412.8	1.4143e-05
413.0	1.2543e-05
413.2	1.1124e-05
413.4	9.8658e-06
413.6	8.7497e-06
413.8	7.7599e-06
414.0	7.4773e-06
414.2	7.4293e-06
414.4	7.3817e-06
414.6	7.3344e-06
414.8	7.2875e-06
415.0	7.2408e-06
415.2	7.1944e-06
415.4	7.1483e-06
415.6	7.1025e-06
415.8	7.057e-06
416.0	7.0628e-06
416.2	7.105e-06
416.4	7.1475e-06
416.6	7.1902e-06
416.8	7.2332e-06
417.0	7.2765e-06
417.2	7.32e-06
417.4	7.3638e-06
417.6	7.4079e-06
417.8	7.4522e-06
418.0	6.9259e-06
418.2	5.8313e-06
418.4	4.9098e-06
418.6	4.1338e-06
418.8	3.4805e-06
419.0	2.9305e-06
419.2	2.4674e-06
419.4	2.0774e-06
419.6	1.7491e-06
419.8	1.4727e-06
420.0	1.288e-06
420.2	1.386e-06
420.4	1.4915e-06
420.6	1.605e-06
420.8	1.7271e-06
421.0	1.8585e-06
421.2	1.9999e-06
421.4	2.1521e-06
421.6	2.3158e-06
421.8	2.492e-06
422.0	2.3382e-06
422.2	2.157e-06
422.4	1.9899e-06
422.6	1.8357e-06
422.8	1.6935e-06
423.0	1.5623e-06
423.2	1.4412e-06
423.4	1.3296e-06
423.6	1.2266e-06
423.8	1.1315e-06
424.0	1.0439e-06
424.2	9.6298e-07
424.4	8.8837e-07
424.6	9.7139e-07
424.8	1.0883e-06
425.0	1.2192e-06
425.2	1.3659e-06
425.4	1.5303e-06
425.6	1.7145e-06
425.8	1.9208e-06
426.0	2.1519e-06
426.2	2.4109e-06
426.4	2.5866e-06
426.6	2.4288e-06
426.8	2.2807e-06
427.0	2.1415e-06
427.2	2.0109e-06
427.4	1.8882e-06
427.6	1.7731e-06
427.8	1.6649e-06
428.0	1.5633e-06
428.2	1.468e-06
428.4	1.3994e-06
428.6	1.5069e-06
428.8	1.6228e-06
429.0	1.7475e-06
429.2	1.8818e-06
429.4	2.0265e-06
429.6	2.1823e-06
429.8	2.35e-06
430.0	2.5307e-06
430.2	2.7252e-06
430.4	2.9347e-06
430.6	2.8072e-06
430.8	2.6771e-06
431.0	2.553e-06
431.2	2.4347e-06
431.4	2.3219e-06
431.6	2.2142e-06
431.8	2.1116e-06
432.0	2.0138e-06
432.2	1.9204e-06
432.4	1.8314e-06
432.6	1.7465e-06
432.8	1.6656e-06
433.0	1.6403e-06
433.2	1.6738e-06
433.4	1.708e-06
433.6	1.7429e-06
433.8	1.7785e-06
434.0	1.8148e-06
434.2	1.8518e-06
434.4	1.8897e-06
434.6	1.9283e-06
434.8	1.9677e-06
435.0	1.3988e-06
435.2	1.4421e-06
435.4	1.4868e-06
435.6	1.5329e-06
435.8	1.5804e-06
436.0	1.6293e-06
436.2	1.6798e-06
436.4	1.7318e-06
436.6	1.7855e-06
436.8	1.8408e-06
437.0	1.8978e-06
437.2	1.8175e-06
437.4	1.74e-06
437.6	1.6658e-06
437.8	1.5948e-06
438.0	1.5268e-06
438.2	1.4617e-06
438.4	1.3993e-06
438.6	1.3396e-06
438.8	1.2825e-06
439.0	1.2278e-06
439.2	1.2806e-06
439.4	1.3536e-06
439.6	1.4307e-06
439.8	1.5123e-06
440.0	1.5985e-06
440.2	1.6896e-06
440.4	1.7859e-06
440.6	1.8877e-06
440.8	1.9953e-06
441.0	2.109e-06
441.2	1.9737e-06
441.4	1.7678e-06
441.6	1.5833e-06
441.8	1.4181e-06
442.0	1.2702e-06
442.2	1.1376e-06
442.4	1.0189e-06
442.6	9.1263e-07
442.8	8.1741e-07
443.0	7.3212e-07
443.2	7.5426e-07
443.4	8.4983e-07
443.6	9.5751e-07
443.8	1.0788e-06
444.0	1.2155e-06
444.2	1.3695e-06
444.4	1.5431e-06
444.6	1.7386e-06
444.8	1.9589e-06
445.0	2.2071e-06
445.2	2.0382e-06
445.4	1.8823e-06
445.6	1.7383e-06
445.8	1.6053e-06
446.0	1.4825e-06
446.2	1.3691e-06
446.4	1.2644e-06
446.6	1.1677e-06
446.8	1.0783e-06
447.0	9.9584e-07
447.2	8.1738e-07
447.4	6.7011e-07
447.6	5.4937e-07
447.8	4.5039e-07
448.0	3.6924e-07
448.2	3.0271e-07
448.4	2.4817e-07
448.6	2.0346e-07
448.8	1.668e-07
449.0	1.3675e-07
449.2	9.5936e-08
449.4	6.5688e-08
449.6	4.4977e-08
449.8	3.0796e-08
450.0	2.1087e-08
450.2	1.4438e-08
450.4	9.886e-09
450.6	6.769e-09
450.8	4.6348e-09
451.0	3.1735e-09
451.2	2.8699e-09
451.4	2.8619e-09
451.6	2.8539e-09
451.8	2.8459e-09
452.0	2.838e-09
452.2	2.83e-09
452.4	2.8221e-09
452.6	2.8142e-09
452.8	2.8063e-09
453.0	2.7985e-09
453.2	3.2062e-09
453.4	3.9994e-09
453.6	4.9888e-09
453.8	6.2231e-09
454.0	7.7627e-09
454.2	9.6832e-09
454.4	1.2079e-08
454.6	1.5067e-08
454.8	1.8795e-08
455.0	2.3445e-08
455.2	1.8845e-08
455.4	1.5147e-08
455.6	1.2175e-08
455.8	9.7862e-09
456.0	7.866e-09
456.2	6.3226e-09
456.4	5.082e-09
456.6	4.0849e-09
456.8	3.2834e-09
457.0	2.642e-09
457.2	2.6344e-09
457.4	2.6269e-09
457.6	2.6194e-09
457.8	2.6119e-09
458.0	2.6044e-09
458.2	2.5969e-09
458.4	2.5895e-09
458.6	2.5821e-09
458.8	2.5747e-09
459.0	2.5674e-09
459.2	2.5605e-09
459.4	2.5538e-09
459.6	2.547e-09
459.8	2.5403e-09
460.0	2.5336e-09
460.2	2.5269e-09
460.4	2.5203e-09
460.6	2.5136e-09
460.8	2.507e-09
461.0	2.5004e-09
461.2	2.4939e-09
461.4	2.4874e-09
461.6	2.4809e-09
461.8	2.4744e-09
462.0	2.4679e-09
462.2	2.4615e-09
462.4	2.4551e-09
462.6	2.4487e-09
462.8	2.4423e-09
463.0	2.4359e-09
463.2	2.6187e-09
463.4	2.9285e-09
463.6	3.2751e-09
463.8	3.6626e-09
464.0	4.096e-09
464.2	4.5807e-09
464.4	5.1227e-09
464.6	5.7289e-09
464.8	6.4068e-09
465.0	7.1649e-09
465.2	8.1215e-09
465.4	9.2057e-09
465.6	1.0435e-08
465.8	1.1828e-08
466.0	1.3407e-08
466.2	1.5197e-08
466.4	1.7226e-08
466.6	1.9525e-08
466.8	2.2132e-08
467.0	2.5087e-08
467.2	2.5508e-08
467.4	2.5849e-08
467.6	2.6195e-08
467.8	2.6546e-08
468.0	2.6901e-08
468.2	2.7261e-08
468.4	2.7625e-08
468.6	2.7995e-08
468.8	2.8369e-08
469.0	2.8749e-08
469.2	2.3126e-08
469.4	1.7888e-08
469.6	1.3837e-08
469.8	1.0703e-08
470.0	8.279e-09
470.2	6.404e-09
470.4	4.9536e-09
470.6	3.8317e-09
470.8	2.9639e-09
471.0	2.2926e-09
471.2	2.142e-09
471.4	2.135e-09
471.6	2.1281e-09
471.8	2.1211e-09
472.0	2.1142e-09
472.2	2.1073e-09
472.4	2.1004e-09
472.6	2.0935e-09
472.8	2.0867e-09
473.0	2.0798e-09
473.2	2.3434e-09
473.4	2.833e-09
473.6	3.425e-09
473.8	4.1407e-09
474.0	5.0059e-09
474.2	6.0519e-09
474.4	7.3165e-09
474.6	8.8453e-09
474.8	1.0694e-08
475.0	1.2928e-08
475.2	1.3318e-08
475.4	1.3719e-08
475.6	1.4133e-08
475.8	1.4558e-08
476.0	1.4997e-08
476.2	1.5449e-08
476.4	1.5915e-08
476.6	1.6395e-08
476.8	1.6889e-08
477.0	1.7398e-08
477.2	1.6016e-08
477.4	1.4728e-08
477.6	1.3543e-08
477.8	1.2453e-08
478.0	1.1451e-08
478.2	1.053e-08
478.4	9.6824e-09
478.6	8.9034e-09
478.8	8.187e-09
479.0	7.5283e-09
479.2	8.5462e-09
479.4	9.9845e-09
479.6	1.1665e-08
479.8	1.3628e-08
480.0	1.5922e-08
480.2	1.8602e-08
480.4	2.1732e-08
480.6	2.539e-08
480.8	2.9663e-08
481.0	3.4656e-08
481.2	3.3354e-08
481.4	3.0344e-08
481.6	2.7606e-08
481.8	2.5115e-08
482.0	2.2849e-08
482.2	2.0788e-08
482.4	1.8912e-08
482.6	1.7205e-08
482.8	1.5653e-08
483.0	1.4241e-08
483.2	1.4686e-08
483.4	1.6088e-08
483.6	1.7625e-08
483.8	1.9307e-08
484.0	2.1151e-08
484.2	2.317e-08
484.4	2.5382e-08
484.6	2.7805e-08
484.8	3.046e-08
485.0	3.3368e-08
485.2	3.1543e-08
485.4	2.9818e-08
485.6	2.8188e-08
485.8	2.6646e-08
486.0	2.5189e-08
486.2	2.3812e-08
486.4	2.2509e-08
486.6	2.1278e-08
486.8	2.0115e-08
487.0	1.9015e-08
487.2	1.9732e-08
487.4	2.0566e-08
487.6	2.1436e-08
487.8	2.2342e-08
488.0	2.3287e-08
488.2	2.4272e-08
488.4	2.5298e-08
488.6	2.6368e-08
488.8	2.7482e-08
489.0	2.8644e-08
489.2	2.8149e-08
489.4	2.7388e-08
489.6	2.6647e-08
489.8	2.5926e-08
490.0	2.5225e-08
490.2	2.4542e-08
490.4	2.3878e-08
490.6	2.3232e-08
490.8	2.2604e-08
491.0	2.1992e-08
491.2	2.2081e-08
491.4	2.2397e-08
491.6	2.2717e-08
491.8	2.3042e-08
492.0	2.3372e-08
492.2	2.3706e-08
492.4	2.4045e-08
492.6	2.4389e-08
492.8	2.4738e-08
493.0	2.5092e-08
493.2	2.5606e-08
493.4	2.6212e-08
493.6	2.6833e-08
493.8	2.7468e-08
494.0	2.8119e-08
494.2	2.8785e-08
494.4	2.9466e-08
494.6	3.0164e-08
494.8	3.0878e-08
495.0	3.1609e-08
495.2	3.2997e-08
495.4	3.4446e-08
495.6	3.5958e-08
495.8	3.7537e-08
496.0	3.9185e-08
496.2	4.0905e-08
496.4	4.2701e-08
496.6	4.4575e-08
496.8	4.6532e-08
497.0	4.8575e-08
497.2	4.9077e-08
497.4	4.9499e-08
497.6	4.9924e-08
497.8	5.0352e-08
498.0	5.0785e-08
498.2	5.1221e-08
498.4	5.1661e-08
498.6	5.2105e-08
498.8	5.2552e-08
499.0	5.3004e-08
499.2	5.3939e-08
499.4	5.4973e-08
499.6	5.6028e-08
499.8	5.7103e-08
500.0	5.8198e-08
500.2	5.9314e-08
500.4	6.0452e-08
500.6	6.1611e-08
500.8	6.2793e-08
501.0	6.3998e-08
501.2	6.2809e-08
501.4	6.0932e-08
501.6	5.9111e-08
501.8	5.7344e-08
502.0	5.563e-08
502.2	5.3968e-08
502.4	5.2355e-08
502.6	5.079e-08
502.8	4.9272e-08
503.0	4.78e-08
503.2	4.9332e-08
503.4	5.2453e-08
503.6	5.5771e-08
503.8	5.93e-08
504.0	6.3051e-08
504.2	6.704e-08
504.4	7.1282e-08
504.6	7.5792e-08
504.8	8.0587e-08
505.0	8.5685e-08
505.2	8.7778e-08
505.4	8.9922e-08
505.6	9.2119e-08
505.8	9.4369e-08
506.0	9.6674e-08
506.2	9.9035e-08
506.4	1.0145e-07
506.6	1.0393e-07
506.8	1.0647e-07
507.0	1.0907e-07
507.2	1.0935e-07
507.4	1.0954e-07
507.6	1.0974e-07
507.8	1.0993e-07
508.0	1.1013e-07
508.2	1.1032e-07
508.4	1.1052e-07
508.6	1.1072e-07
508.8	1.1091e-07
509.0	1.1111e-07
509.2	1.1168e-07
509.4	1.1231e-07
509.6	1.1295e-07
509.8	1.1358e-07
510.0	1.1423e-07
510.2	1.1487e-07
510.4	1.1552e-07
510.6	1.1617e-07
510.8	1.1683e-07
511.0	1.1749e-07
511.2	1.1822e-07
511.4	1.1899e-07
511.6	1.1976e-07
511.8	1.2053e-07
512.0	1.2131e-07
512.2	1.2209e-07
512.4	1.2288e-07
512.6	1.2367e-07
512.8	1.2447e-07
513.0	1.2527e-07
513.2	1.2564e-07
513.4	1.2583e-07
513.6	1.2602e-07
513.8	1.262e-07
514.0	1.2639e-07
514.2	1.2658e-07
514.4	1.2677e-07
514.6	1.2696e-07
514.8	1.2715e-07
515.0	1.2734e-07
515.2	1.2641e-07
515.4	1.2549e-07
515.6	1.2457e-07
515.8	1.2366e-07
516.0	1.2276e-07
516.2	1.2186e-07
516.4	1.2097e-07
516.6	1.2009e-07
516.8	1.1921e-07
517.0	1.1834e-07
517.2	1.1786e-07
517.4	1.1742e-07
517.6	1.1697e-07
517.8	1.1653e-07
518.0	1.1609e-07
518.2	1.1565e-07
518.4	1.1522e-07
518.6	1.1478e-07
518.8	1.1435e-07
519.0	1.1392e-07
519.2	1.1594e-07
519.4	1.1849e-07
519.6	1.2108e-07
519.8	1.2374e-07
520.0	1.2645e-07
520.2	1.2923e-07
520.4	1.3206e-07
520.6	1.3496e-07
520.8	1.3792e-07
521.0	1.4094e-07
521.2	1.4241e-07
521.4	1.4338e-07
521.6	1.4436e-07
521.8	1.4535e-07
522.0	1.4634e-07
522.2	1.4734e-07
522.4	1.4834e-07
522.6	1.4935e-07
522.8	1.5037e-07
523.0	1.514e-07
523.2	1.5088e-07
523.4	1.4965e-07
523.6	1.4843e-07
523.8	1.4723e-07
524.0	1.4603e-07
524.2	1.4484e-07
524.4	1.4366e-07
524.6	1.4249e-07
524.8	1.4134e-07
525.0	1.4019e-07
525.2	1.3771e-07
525.4	1.3527e-07
525.6	1.3288e-07
525.8	1.3053e-07
526.0	1.2822e-07
526.2	1.2595e-07
526.4	1.2373e-07
526.6	1.2154e-07
526.8	1.1939e-07
527.0	1.1728e-07
527.2	1.1633e-07
527.4	1.1547e-07
527.6	1.1461e-07
527.8	1.1376e-07
528.0	1.1292e-07
528.2	1.1208e-07
528.4	1.1124e-07
528.6	1.1042e-07
528.8	1.096e-07
529.0	1.0878e-07
529.2	1.0798e-07
529.4	1.0718e-07
529.6	1.0733e-07
529.8	1.0875e-07
530.0	1.1019e-07
530.2	1.1165e-07
530.4	1.1313e-07
530.6	1.1463e-07
530.8	1.1615e-07
531.0	1.1769e-07
531.2	1.1925e-07
531.4	1.2083e-07
531.6	1.2223e-07
531.8	1.2328e-07
532.0	1.2434e-07
532.2	1.254e-07
532.4	1.2648e-07
532.6	1.2757e-07
532.8	1.2866e-07
533.0	1.2977e-07
533.2	1.3088e-07
533.4	1.3201e-07
533.6	1.3308e-07
533.8	1.3402e-07
534.0	1.3496e-07
534.2	1.359e-07
534.4	1.3685e-07
534.6	1.3781e-07
534.8	1.3878e-07
535.0	1.3975e-07
535.2	1.4073e-07
535.4	1.4172e-07
535.6	1.4221e-07
535.8	1.4192e-07
536.0	1.4162e-07
536.2	1.4133e-07
536.4	1.4104e-07
536.6	1.4074e-07
536.8	1.4045e-07
537.0	1.4016e-07
537.2	1.3987e-07
537.4	1.3958e-07
537.6	1.3929e-07
537.8	1.39e-07
538.0	1.3871e-07
538.2	1.308e-07
538.4	1.2046e-07
538.6	1.1093e-07
538.8	1.0216e-07
539.0	9.4075e-08
539.2	8.6634e-08
539.4	7.9781e-08
539.6	7.347e-08
539.8	6.7659e-08
540.0	6.2307e-08
540.2	1.1129e-08
540.4	1.113e-08
540.6	1.1114e-08
540.8	1.1101e-08
541.0	1.1099e-08
541.2	1.11e-08
541.4	9.7783e-09
541.6	9.9804e-09
541.8	2.6006e-08
542.0	2.5235e-08
542.2	9.6584e-09
542.4	8.2334e-09
542.6	1.0971e-08
542.8	6.6452e-08
543.0	1.2623e-08
543.2	1.0912e-08
543.4	2.569e-08
543.6	5.4235e-08
543.8	4.4346e-08
544.0	1.2288e-08
544.2	1.0793e-08
544.4	1.0768e-08
544.6	2.8344e-08
544.8	2.1699e-08
545.0	1.4787e-08
545.2	2.9432e-08
545.4	1.2256e-08
545.6	3.0993e-08
545.8	1.3515e-08
546.0	1.0746e-08
546.2	2.2307e-08
546.4	6.5351e-08
546.6	1.0961e-07
546.8	2.8347e-08
547.0	3.5737e-08
547.2	2.498e-08
547.4	1.3952e-08
547.6	1.0699e-08
547.8	1.4308e-08
548.0	4.25e-08
548.2	1.414e-08
548.4	1.9566e-08
548.6	4.9181e-08
548.8	2.26e-08
549.0	1.0621e-08
549.2	1.0604e-08
549.4	1.0583e-08
549.6	1.0571e-08
549.8	9.6749e-09
550.0	8.1144e-09
550.2	7.9225e-09
550.4	9.4132e-09
550.6	2.1453e-08
550.8	2.0382e-08
551.0	8.9124e-09
551.2	8.7955e-09
551.4	1.0032e-08
551.6	1.8105e-08
551.8	2.3161e-08
552.0	1.0575e-08
552.2	1.0582e-08
552.4	1.6841e-08
552.6	3.4971e-08
552.8	6.3488e-08
553.0	5.6104e-08
553.2	2.4078e-08
553.4	1.5792e-08
553.6	1.5769e-08
553.8	1.5732e-08
554.0	3.3624e-08
554.2	5.7984e-08
554.4	2.007e-08
554.6	1.0422e-08
554.8	1.0388e-08
555.0	3.1107e-08
555.2	1.8336e-08
555.4	1.9284e-08
555.6	2.1485e-08
555.8	1.7026e-08
556.0	3.2984e-08
556.2	1.0963e-08
556.4	1.0261e-08
556.6	1.4967e-08
556.8	2.3207e-08
557.0	1.8555e-08
557.2	1.9058e-08
557.4	7.047e-08
557.6	6.2341e-08
557.8	1.7378e-08
558.0	2.5107e-08
558.2	4.2999e-08
558.4	1.7109e-08
558.6	1.5778e-08
558.8	4.3523e-08
559.0	6.7902e-08
559.2	7.1745e-08
559.4	2.7559e-08
559.6	1.6733e-08
559.8	1.7417e-08
560.0	9.0598e-08
560.2	1.5446e-08
560.4	2.7856e-08
560.6	5.7149e-08
560.8	3.2646e-08
561.0	4.6445e-08
561.2	4.1739e-08
561.4	2.4387e-08
561.6	1.0634e-08
561.8	4.4073e-08
562.0	2.0949e-08
562.2	1.3661e-08
562.4	2.1091e-08
562.6	3.1232e-08
562.8	9.5688e-08
563.0	4.2689e-08
563.2	1.4291e-08
563.4	1.9061e-08
563.6	2.0932e-08
563.8	1.2971e-08
564.0	3.3453e-08
564.2	2.4212e-08
564.4	6.5274e-08
564.6	2.8994e-08
564.8	2.9197e-08
565.0	2.63e-08
565.2	1.2323e-08
565.4	4.2513e-08
565.6	3.6114e-08
565.8	1.1913e-08
566.0	3.386e-08
566.2	2.5858e-08
566.4	1.0035e-08
566.6	1.1789e-08
566.8	8.0367e-08
567.0	6.5359e-08
567.2	1.3861e-08
567.4	3.7021e-08
567.6	7.9965e-08
567.8	5.0394e-08
568.0	1.0005e-08
568.2	1.0028e-08
568.4	1.0042e-08
568.6	1.0049e-08
568.8	1.5472e-08
569.0	1.5028e-08
569.2	1.2717e-08
569.4	3.0294e-08
569.6	4.2716e-08
569.8	5.03e-08
570.0	5.0419e-08
570.2	1.9881e-08
570.4	1.0066e-08
570.6	1.0056e-08
570.8	1.0039e-08
571.0	2.7292e-08
571.2	1.1015e-08
571.4	3.2533e-08
571.6	2.1497e-08
571.8	1.4252e-08
572.0	3.5302e-08
572.2	1.0641e-07
572.4	8.1415e-08
572.6	7.9232e-08
572.8	5.7587e-08
573.0	4.9577e-08
573.2	6.323e-08
573.4	1.1794e-07
573.6	1.0991e-07
573.8	7.8607e-08
574.0	1.0033e-07
574.2	1.0866e-07
574.4	8.3474e-08
574.6	3.9158e-08
574.8	1.0509e-08
575.0	6.0554e-08
575.2	6.7464e-08
575.4	6.0113e-08
575.6	9.8514e-08
575.8	1.2636e-07
576.0	1.0258e-07
576.2	7.9594e-08
576.4	9.4095e-08
576.6	5.9493e-08
576.8	1.0316e-07
577.0	1.2715e-07
577.2	1.2605e-07
577.4	1.3308e-07
577.6	1.097e-07
577.8	2.0373e-07
578.0	2.1919e-07
578.2	2.5139e-07
578.4	3.174e-07
578.6	3.5949e-07
578.8	3.7762e-07
579.0	4.6424e-07
579.2	5.4917e-07
579.4	6.9821e-07
579.6	8.5082e-07
579.8	1.0577e-06
580.0	1.3722e-06
580.2	1.7657e-06
580.4	2.311e-06
580.6	2.9741e-06
580.8	3.8025e-06
581.0	4.9873e-06
581.2	6.556e-06
581.4	8.6137e-06
581.6	1.1752e-05
581.8	1.5524e-05
582.0	2.1081e-05
582.2	2.8535e-05
582.4	3.8283e-05
582.6	5.1888e-05
582.8	7.1795e-05
583.0	1.0078e-04
583.2	1.4256e-04
583.4	2.0433e-04
583.6	2.9462e-04
583.8	4.8506e-04
584.0	7.2064e-04
584.2	0.00109
584.4	0.00164
584.6	0.00254
584.8	0.00396
585.0	0.00632
585.2	0.00955
585.4	0.01566
585.6	0.02624
585.8	0.04498
586.0	0.07883
586.2	0.13881
586.4	0.24144
586.6	0.39469
586.8	0.59068
587.0	0.77042
587.2	0.89001
587.4	0.94567
587.6	0.9622
587.8	0.96433
588.0	0.96472
588.2	0.96461
588.4	0.96558
588.6	0.96722
588.8	0.96896
589.0	0.97011
589.2	0.97096
589.4	0.97132
589.6	0.97172
589.8	0.97266
590.0	0.9741
590.2	0.97582
590.4	0.97753
590.6	0.97947
590.8	0.98197
591.0	0.9831
591.2	0.9842
591.4	0.9848
591.6	0.98492
591.8	0.98454
592.0	0.9838
592.2	0.98405
592.4	0.98334
592.6	0.98246
592.8	0.98214
593.0	0.98152
593.2	0.98139
593.4	0.98183
593.6	0.98237
593.8	0.9825
594.0	0.98324
594.2	0.9838
594.4	0.9843
594.6	0.98462
594.8	0.98534
595.0	0.98557
595.2	0.98534
595.4	0.98473
595.6	0.98459
595.8	0.98419
596.0	0.9832
596.2	0.98261
596.4	0.98185
596.6	0.98167
596.8	0.9811
597.0	0.98108
597.2	0.98081
597.4	0.98097
597.6	0.9809
597.8	0.98097
598.0	0.98168
598.2	0.9826
598.4	0.98262
598.6	0.98397
598.8	0.98449
599.0	0.9845
599.2	0.98598
599.4	0.98665
599.6	0.98764
599.8	0.98792
600.0	0.98845
600.2	0.98876
600.4	0.9888
600.6	0.98932
600.8	0.98935
601.0	0.98922
601.2	0.98961
601.4	0.98921
601.6	0.98912
601.8	0.98889
602.0	0.98851
602.2	0.98809
602.4	0.98776
602.6	0.98703
602.8	0.98635
603.0	0.98561
603.2	0.98448
603.4	0.98354
603.6	0.98237
603.8	0.98126
604.0	0.97954
604.2	0.97826
604.4	0.97676
604.6	0.97528
604.8	0.97346
605.0	0.97245
605.2	0.9711
605.4	0.97009
605.6	0.96931
605.8	0.96818
606.0	0.96799
606.2	0.96786
606.4	0.96804
606.6	0.96862
606.8	0.96936
607.0	0.97029
607.2	0.97145
607.4	0.97331
607.6	0.97493
607.8	0.97685
608.0	0.97885
608.2	0.98042
608.4	0.9822
608.6	0.98405
608.8	0.98515
609.0	0.98602
609.2	0.98671
609.4	0.98711
609.6	0.9861
609.8	0.98464
610.0	0.98347
610.2	0.9809
610.4	0.97809
610.6	0.97463
610.8	0.97026
611.0	0.96616
611.2	0.96167
611.4	0.95642
611.6	0.95172
611.8	0.94683
612.0	0.94226
612.2	0.93757
612.4	0.93345
612.6	0.92986
612.8	0.92691
613.0	0.92418
613.2	0.92248
613.4	0.92152
613.6	0.92123
613.8	0.92143
614.0	0.92251
614.2	0.92466
614.4	0.92706
614.6	0.92992
614.8	0.9348
615.0	0.93874
615.2	0.94363
615.4	0.94883
615.6	0.95455
615.8	0.95936
616.0	0.96421
616.2	0.97046
616.4	0.97452
616.6	0.97852
616.8	0.98179
617.0	0.98448
617.2	0.98663
617.4	0.98764
617.6	0.98871
617.8	0.98788
618.0	0.9869
618.2	0.98513
618.4	0.98279
618.6	0.98067
618.8	0.97782
619.0	0.97593
619.2	0.97271
619.4	0.96969
619.6	0.96757
619.8	0.96533
620.0	0.96375
620.2	0.96204
620.4	0.96161
620.6	0.96102
620.8	0.96122
621.0	0.96172
621.2	0.96289
621.4	0.96446
621.6	0.96601
621.8	0.96818
622.0	0.97032
622.2	0.97239
622.4	0.97407
622.6	0.97598
622.8	0.97801
623.0	0.97941
623.2	0.98078
623.4	0.98182
623.6	0.98252
623.8	0.98331
624.0	0.98383
624.2	0.98436
624.4	0.98465
624.6	0.98438
624.8	0.98468
625.0	0.985
625.2	0.98543
625.4	0.98515
625.6	0.98523
625.8	0.98437
626.0	0.98269
626.2	0.97954
626.4	0.97264
626.6	0.96042
626.8	0.94055
627.0	0.90943
627.2	0.86256
627.4	0.79362
627.6	0.69836
627.8	0.5983
628.0	0.49316
628.2	0.39237
628.4	0.30221
628.6	0.22785
628.8	0.16883
629.0	0.12254
629.2	0.08919
629.4	0.06504
629.6	0.04761
629.8	0.03501
630.0	0.02586
630.2	0.01931
630.4	0.01497
630.6	0.01122
630.8	0.00849
631.0	0.00644
631.2	0.00495
631.4	0.00381
631.6	0.00295
631.8	0.00225
632.0	0.00175
632.2	0.00137
632.4	0.00109
632.6	8.5622e-04
632.8	6.8927e-04
633.0	5.5295e-04
633.2	4.1889e-04
633.4	3.4094e-04
633.6	2.7522e-04
633.8	2.2419e-04
634.0	1.8277e-04
634.2	1.4914e-04
634.4	1.2295e-04
634.6	1.0375e-04
634.8	8.6048e-05
635.0	7.1403e-05
635.2	6.0374e-05
635.4	4.9753e-05
635.6	4.1843e-05
635.8	3.5292e-05
636.0	2.9204e-05
636.2	2.456e-05
636.4	2.0825e-05
636.6	1.7662e-05
636.8	1.5223e-05
637.0	1.2873e-05
637.2	1.104e-05
637.4	9.5555e-06
637.6	8.0892e-06
637.8	7.0212e-06
638.0	5.9759e-06
638.2	5.3801e-06
638.4	4.4554e-06
638.6	3.8906e-06
638.8	3.4107e-06
639.0	2.9128e-06
639.2	2.4718e-06
639.4	2.3268e-06
639.6	2.0184e-06
639.8	1.7871e-06
640.0	1.5457e-06
640.2	1.3615e-06
640.4	1.2576e-06
640.6	1.1297e-06
640.8	9.7927e-07
641.0	8.3989e-07
641.2	7.5012e-07
641.4	6.8798e-07
641.6	6.0198e-07
641.8	5.1032e-07
642.0	4.733e-07
642.2	4.563e-07
642.4	3.9006e-07
642.6	3.817e-07
642.8	3.5367e-07
643.0	2.746e-07
643.2	2.3354e-07
643.4	2.1393e-07
643.6	2.2912e-07
643.8	1.9092e-07
644.0	1.2517e-07
644.2	1.0241e-07
644.4	1.317e-07
644.6	1.1806e-07
644.8	1.6179e-07
645.0	1.1407e-07
645.2	1.5025e-07
645.4	1.6041e-07
645.6	1.3381e-07
645.8	1.3849e-07
646.0	1.4791e-07
646.2	9.6648e-08
646.4	4.6468e-08
646.6	4.4195e-08
646.8	7.8786e-08
647.0	1.3331e-07
647.2	9.0458e-08
647.4	8.7367e-08
647.6	7.6356e-08
647.8	6.8995e-08
648.0	1.2656e-07
648.2	1.2638e-07
648.4	5.8015e-08
648.6	3.8976e-08
648.8	1.2458e-08
649.0	7.1975e-08
649.2	2.8983e-08
649.4	5.0235e-08
649.6	9.62e-08
649.8	5.572e-08
650.0	5.0819e-08
650.2	6.5507e-08
650.4	5.7634e-08
650.6	4.991e-08
650.8	3.0421e-08
651.0	1.5549e-08
651.2	1.0616e-08
651.4	3.6289e-08
651.6	4.1235e-08
651.8	1.9418e-08
652.0	2.174e-08
652.2	4.6163e-08
652.4	5.3151e-08
652.6	5.562e-08
652.8	5.2248e-08
653.0	7.4402e-08
653.2	2.4566e-08
653.4	4.7738e-08
653.6	8.5303e-08
653.8	6.7324e-08
654.0	2.8661e-08
654.2	3.9289e-08
654.4	1.9825e-08
654.6	3.8612e-08
654.8	5.7891e-08
655.0	5.9316e-08
655.2	5.4596e-08
655.4	1.0277e-07
655.6	7.1916e-08
655.8	4.9974e-08
656.0	4.8091e-08
656.2	3.6957e-08
656.4	2.0386e-08
656.6	1.1267e-08
656.8	3.4091e-08
657.0	1.8089e-08
657.2	1.045e-08
657.4	2.7926e-08
657.6	2.2627e-08
657.8	1.2845e-08
658.0	3.0687e-08
658.2	6.7213e-08
658.4	2.731e-08
658.6	5.4088e-08
658.8	2.9602e-08
659.0	2.6125e-08
659.2	2.6828e-08
659.4	1.0118e-08
659.6	2.4407e-08
659.8	5.4494e-08
660.0	1.5522e-08
660.2	1.8485e-08
660.4	1.844e-08
660.6	9.5518e-09
660.8	9.6456e-09
661.0	5.6027e-08
661.2	5.6073e-08
661.4	1.5848e-08
661.6	9.6256e-09
661.8	1.4126e-08
662.0	2.8955e-08
662.2	2.9035e-08
662.4	4.8852e-08
662.6	3.7734e-08
662.8	2.2616e-08
663.0	1.3451e-08
663.2	1.4037e-08
663.4	2.5174e-08
663.6	1.0458e-08
663.8	9.752e-09
664.0	1.8146e-08
664.2	1.4594e-08
664.4	1.6553e-08
664.6	2.1526e-08
664.8	9.7304e-09
665.0	9.739e-09
665.2	3.3104e-08
665.4	3.3476e-08
665.6	3.7342e-08
665.8	2.7294e-08
666.0	1.242e-08
666.2	2.8163e-08
666.4	1.1675e-08
666.6	9.6454e-09
666.8	1.6614e-08
667.0	2.83e-08
667.2	1.8541e-08
667.4	1.1136e-08
667.6	1.9376e-08
667.8	3.3843e-08
668.0	3.2354e-08
668.2	3.6676e-08
668.4	6.2003e-08
668.6	7.5346e-08
668.8	4.8921e-08
669.0	2.0247e-08
669.2	3.2545e-08
669.4	1.7837e-08
669.6	1.113e-08
669.8	1.1808e-08
670.0	9.7119e-09
670.2	9.696e-09
670.4	9.6893e-09
670.6	9.6836e-09
670.8	2.0497e-08
671.0	4.3089e-08
671.2	2.8276e-08
671.4	1.7134e-08
671.6	6.9322e-08
671.8	7.7209e-08
672.0	4.8431e-08
672.2	6.4478e-08
672.4	9.4292e-08
672.6	6.514e-08
672.8	5.1342e-08
673.0	5.7956e-08
673.2	4.1886e-08
673.4	1.6089e-08
673.6	5.5699e-08
673.8	3.7851e-08
674.0	2.3485e-08
674.2	4.5398e-08
674.4	5.4063e-08
674.6	5.7174e-08
674.8	9.1527e-08
675.0	2.4044e-08
675.2	6.0124e-10
675.4	6.0114e-10
675.6	6.0103e-10
675.8	6.0092e-10
676.0	6.0082e-10
676.2	6.0071e-10
676.4	6.006e-10
676.6	6.005e-10
676.8	6.0039e-10
677.0	6.0029e-10
677.2	6.0075e-10
677.4	6.0136e-10
677.6	6.0197e-10
677.8	6.0259e-10
678.0	6.032e-10
678.2	6.0382e-10
678.4	6.0444e-10
678.6	6.0505e-10
678.8	6.0567e-10
679.0	6.0629e-10
679.2	6.07e-10
679.4	6.0773e-10
679.6	6.0846e-10
679.8	6.0919e-10
680.0	6.0992e-10
680.2	6.1065e-10
680.4	6.1139e-10
680.6	6.1212e-10
680.8	6.1286e-10
681.0	6.1359e-10
681.2	6.1397e-10
681.4	6.1428e-10
681.6	6.1458e-10
681.8	6.1489e-10
682.0	6.1519e-10
682.2	6.155e-10
682.4	6.158e-10
682.6	6.1611e-10
682.8	6.1641e-10
683.0	6.1672e-10
683.2	7.7379e-10
683.4	1.0089e-09
683.6	1.3153e-09
683.8	1.7149e-09
684.0	2.2359e-09
684.2	2.9152e-09
684.4	3.8008e-09
684.6	4.9554e-09
684.8	6.4608e-09
685.0	8.4236e-09
685.2	9.0571e-09
685.4	9.4739e-09
685.6	9.9098e-09
685.8	1.0366e-08
686.0	1.0843e-08
686.2	1.1342e-08
686.4	1.1863e-08
686.6	1.2409e-08
686.8	1.298e-08
687.0	1.3578e-08
687.2	1.4371e-08
687.4	1.5263e-08
687.6	1.6211e-08
687.8	1.7218e-08
688.0	1.8287e-08
688.2	1.9422e-08
688.4	2.0628e-08
688.6	2.1908e-08
688.8	2.3269e-08
689.0	2.4713e-08
689.2	1.861e-08
689.4	1.286e-08
689.6	8.8861e-09
689.8	6.1404e-09
690.0	4.243e-09
690.2	2.932e-09
690.4	2.026e-09
690.6	1.4e-09
690.8	9.674e-10
691.0	6.6848e-10
691.2	6.2807e-10
691.4	6.2844e-10
691.6	6.2881e-10
691.8	6.2918e-10
692.0	6.2955e-10
692.2	6.2991e-10
692.4	6.3028e-10
692.6	6.3065e-10
692.8	6.3102e-10
693.0	6.3139e-10
693.2	9.0793e-10
693.4	1.3816e-09
693.6	2.1025e-09
693.8	3.1994e-09
694.0	4.8686e-09
694.2	7.4087e-09
694.4	1.1274e-08
694.6	1.7156e-08
694.8	2.6107e-08
695.0	3.9728e-08
695.2	4.3008e-08
695.4	4.4447e-08
695.6	4.5934e-08
695.8	4.747e-08
696.0	4.9058e-08
696.2	5.07e-08
696.4	5.2396e-08
696.6	5.4149e-08
696.8	5.596e-08
697.0	5.7832e-08
697.2	5.4726e-08
697.4	5.0551e-08
697.6	4.6695e-08
697.8	4.3133e-08
698.0	3.9843e-08
698.2	3.6803e-08
698.4	3.3996e-08
698.6	3.1403e-08
698.8	2.9007e-08
699.0	2.6794e-08
699.2	2.7479e-08
699.4	2.8835e-08
699.6	3.0258e-08
699.8	3.1752e-08
700.0	3.3319e-08
700.2	3.4964e-08
700.4	3.669e-08
700.6	3.8501e-08
700.8	4.0401e-08
701.0	4.2395e-08
701.2	4.0014e-08
701.4	3.7094e-08
701.6	3.4387e-08
701.8	3.1877e-08
702.0	2.9551e-08
702.2	2.7394e-08
702.4	2.5395e-08
702.6	2.3542e-08
702.8	2.1824e-08
703.0	2.0231e-08
703.2	1.7218e-08
703.4	1.4507e-08
703.6	1.2222e-08
703.8	1.0298e-08
704.0	8.6765e-09
704.2	7.3103e-09
704.4	6.1593e-09
704.6	5.1895e-09
704.8	4.3723e-09
705.0	3.6839e-09
705.2	3.1028e-09
705.4	2.6132e-09
705.6	2.2009e-09
705.8	1.8537e-09
706.0	1.5612e-09
706.2	1.3149e-09
706.4	1.1074e-09
706.6	9.3267e-10
706.8	7.8551e-10
707.0	6.6157e-10
707.2	8.3971e-10
707.4	1.2132e-09
707.6	1.7528e-09
707.8	2.5324e-09
708.0	3.6587e-09
708.2	5.2861e-09
708.4	7.6372e-09
708.6	1.1034e-08
708.8	1.5942e-08
709.0	2.3032e-08
709.2	2.3083e-08
709.4	2.1113e-08
709.6	1.9311e-08
709.8	1.7662e-08
710.0	1.6154e-08
710.2	1.4775e-08
710.4	1.3514e-08
710.6	1.2361e-08
710.8	1.1305e-08
711.0	1.034e-08
711.2	1.0665e-08
711.4	1.1244e-08
711.6	1.1856e-08
711.8	1.25e-08
712.0	1.318e-08
712.2	1.3896e-08
712.4	1.4651e-08
712.6	1.5448e-08
712.8	1.6288e-08
713.0	1.7173e-08
713.2	1.8728e-08
713.4	2.0509e-08
713.6	2.2459e-08
713.8	2.4595e-08
714.0	2.6934e-08
714.2	2.9495e-08
714.4	3.23e-08
714.6	3.5372e-08
714.8	3.8735e-08
715.0	4.2419e-08
715.2	4.5762e-08
715.4	4.9252e-08
715.6	5.301e-08
715.8	5.7053e-08
716.0	6.1406e-08
716.2	6.609e-08
716.4	7.1131e-08
716.6	7.6557e-08
716.8	8.2397e-08
717.0	8.8683e-08
717.2	8.8716e-08
717.4	8.683e-08
717.6	8.4985e-08
717.8	8.3179e-08
718.0	8.1412e-08
718.2	7.9682e-08
718.4	7.7988e-08
718.6	7.6331e-08
718.8	7.4709e-08
719.0	7.3122e-08
719.2	7.1542e-08
719.4	6.9991e-08
719.6	6.8474e-08
719.8	6.6989e-08
720.0	6.5537e-08
720.2	6.4116e-08
720.4	6.2726e-08
720.6	6.1367e-08
720.8	6.0036e-08
721.0	5.8735e-08
721.2	5.8399e-08
721.4	5.8206e-08
721.6	5.8014e-08
721.8	5.7822e-08
722.0	5.7631e-08
722.2	5.7441e-08
722.4	5.7251e-08
722.6	5.7061e-08
722.8	5.6873e-08
723.0	5.6685e-08
723.2	4.993e-08
723.4	4.3509e-08
723.6	3.7915e-08
723.8	3.3039e-08
724.0	2.8791e-08
724.2	2.5089e-08
724.4	2.1863e-08
724.6	1.9051e-08
724.8	1.6602e-08
725.0	1.4467e-08
725.2	1.458e-08
725.4	1.5106e-08
725.6	1.5651e-08
725.8	1.6217e-08
726.0	1.6802e-08
726.2	1.7409e-08
726.4	1.8037e-08
726.6	1.8688e-08
726.8	1.9363e-08
727.0	2.0062e-08
727.2	2.089e-08
727.4	2.1793e-08
727.6	2.2734e-08
727.8	2.3716e-08
728.0	2.474e-08
728.2	2.5809e-08
728.4	2.6924e-08
728.6	2.8087e-08
728.8	2.93e-08
729.0	3.0566e-08
729.2	2.2868e-08
729.4	1.562e-08
729.6	1.067e-08
729.8	7.2881e-09
730.0	4.9782e-09
730.2	3.4004e-09
730.4	2.3227e-09
730.6	1.5866e-09
730.8	1.0837e-09
731.0	7.4025e-10
731.2	1.0325e-09
731.4	1.65e-09
731.6	2.6368e-09
731.8	4.2138e-09
732.0	6.7338e-09
732.2	1.0761e-08
732.4	1.7196e-08
732.6	2.7481e-08
732.8	4.3915e-08
733.0	7.0178e-08
733.2	7.1687e-08
733.4	6.9676e-08
733.6	6.7721e-08
733.8	6.5822e-08
734.0	6.3975e-08
734.2	6.2181e-08
734.4	6.0436e-08
734.6	5.8741e-08
734.8	5.7093e-08
735.0	5.5491e-08
735.2	5.8459e-08
735.4	6.2647e-08
735.6	6.7135e-08
735.8	7.1944e-08
736.0	7.7098e-08
736.2	8.2621e-08
736.4	8.854e-08
736.6	9.4882e-08
736.8	1.0168e-07
737.0	1.0896e-07
737.2	1.1413e-07
737.4	1.184e-07
737.6	1.2283e-07
737.8	1.2742e-07
738.0	1.3219e-07
738.2	1.3713e-07
738.4	1.4226e-07
738.6	1.4759e-07
738.8	1.5311e-07
739.0	1.5883e-07
739.2	1.5807e-07
739.4	1.5532e-07
739.6	1.5262e-07
739.8	1.4996e-07
740.0	1.4735e-07
740.2	1.4479e-07
740.4	1.4227e-07
740.6	1.3979e-07
740.8	1.3736e-07
741.0	1.3496e-07
741.2	1.3661e-07
741.4	1.3912e-07
741.6	1.4168e-07
741.8	1.4429e-07
742.0	1.4694e-07
742.2	1.4964e-07
742.4	1.524e-07
742.6	1.552e-07
742.8	1.5805e-07
743.0	1.6096e-07
743.2	1.6409e-07
743.4	1.673e-07
743.6	1.7057e-07
743.8	1.7391e-07
744.0	1.7731e-07
744.2	1.8078e-07
744.4	1.8432e-07
744.6	1.8792e-07
744.8	1.916e-07
745.0	1.9535e-07
745.2	1.9846e-07
745.4	2.0148e-07
745.6	2.0453e-07
745.8	2.0764e-07
746.0	2.1079e-07
746.2	2.1398e-07
746.4	2.1723e-07
746.6	2.2053e-07
746.8	2.2387e-07
747.0	2.2727e-07
747.2	2.2923e-07
747.4	2.306e-07
747.6	2.3197e-07
747.8	2.3335e-07
748.0	2.3474e-07
748.2	2.3614e-07
748.4	2.3755e-07
748.6	2.3896e-07
748.8	2.4039e-07
749.0	2.4182e-07
749.2	2.4587e-07
749.4	2.5077e-07
749.6	2.5577e-07
749.8	2.6087e-07
750.0	2.6607e-07
750.2	2.7137e-07
750.4	2.7678e-07
750.6	2.823e-07
750.8	2.8792e-07
751.0	2.9366e-07
751.2	3.0081e-07
751.4	3.0837e-07
751.6	3.1612e-07
751.8	3.2407e-07
752.0	3.3222e-07
752.2	3.4057e-07
752.4	3.4914e-07
752.6	3.5792e-07
752.8	3.6691e-07
753.0	3.7614e-07
753.2	3.862e-07
753.4	3.9658e-07
753.6	4.0723e-07
753.8	4.1818e-07
754.0	4.2942e-07
754.2	4.4096e-07
754.4	4.5281e-07
754.6	4.6498e-07
754.8	4.7747e-07
755.0	4.9031e-07
755.2	5.1714e-07
755.4	5.4877e-07
755.6	5.8233e-07
755.8	6.1795e-07
756.0	6.5574e-07
756.2	6.9585e-07
756.4	7.384e-07
756.6	7.8357e-07
756.8	8.3149e-07
757.0	8.8234e-07
757.2	9.3077e-07
757.4	9.7942e-07
757.6	1.0306e-06
757.8	1.0845e-06
758.0	1.1412e-06
758.2	1.2008e-06
758.4	1.2636e-06
758.6	1.3296e-06
758.8	1.3991e-06
759.0	1.4722e-06
759.2	1.5528e-06
759.4	1.6388e-06
759.6	1.7296e-06
759.8	1.8255e-06
760.0	1.9266e-06
760.2	2.0334e-06
760.4	2.1461e-06
760.6	2.265e-06
760.8	2.3905e-06
761.0	2.523e-06
761.2	2.6156e-06
761.4	2.7034e-06
761.6	2.7942e-06
761.8	2.888e-06
762.0	2.9849e-06
762.2	3.0852e-06
762.4	3.1887e-06
762.6	3.2958e-06
762.8	3.4064e-06
763.0	3.5208e-06
763.2	3.4622e-06
763.4	3.3928e-06
763.6	3.3248e-06
763.8	3.2582e-06
764.0	3.1929e-06
764.2	3.1289e-06
764.4	3.0662e-06
764.6	3.0047e-06
764.8	2.9445e-06
765.0	2.8855e-06
765.2	2.8368e-06
765.4	2.7909e-06
765.6	2.7457e-06
765.8	2.7013e-06
766.0	2.6576e-06
766.2	2.6146e-06
766.4	2.5723e-06
766.6	2.5306e-06
766.8	2.4897e-06
767.0	2.4494e-06
767.2	2.3959e-06
767.4	2.3377e-06
767.6	2.281e-06
767.8	2.2256e-06
768.0	2.1716e-06
768.2	2.1189e-06
768.4	2.0675e-06
768.6	2.0173e-06
768.8	1.9683e-06
769.0	1.9205e-06
769.2	1.8901e-06
769.4	1.8646e-06
769.6	1.8394e-06
769.8	1.8146e-06
770.0	1.7902e-06
770.2	1.766e-06
770.4	1.7422e-06
770.6	1.7187e-06
770.8	1.6955e-06
771.0	1.6727e-06
771.2	1.681e-06
771.4	1.6942e-06
771.6	1.7076e-06
771.8	1.721e-06
772.0	1.7346e-06
772.2	1.7483e-06
772.4	1.762e-06
772.6	1.7759e-06
772.8	1.7899e-06
773.0	1.804e-06
773.2	1.8301e-06
773.4	1.8571e-06
773.6	1.8845e-06
773.8	1.9124e-06
774.0	1.9406e-06
774.2	1.9693e-06
774.4	1.9984e-06
774.6	2.0279e-06
774.8	2.0578e-06
775.0	2.0882e-06
775.2	2.1962e-06
775.4	2.3268e-06
775.6	2.4652e-06
775.8	2.6117e-06
776.0	2.767e-06
776.2	2.9315e-06
776.4	3.1058e-06
776.6	3.2905e-06
776.8	3.4861e-06
777.0	3.6934e-06
777.2	3.8925e-06
777.4	4.093e-06
777.6	4.3039e-06
777.8	4.5256e-06
778.0	4.7588e-06
778.2	5.004e-06
778.4	5.2618e-06
778.6	5.5329e-06
778.8	5.8179e-06
779.0	6.1177e-06
779.2	6.1819e-06
779.4	6.1792e-06
779.6	6.1765e-06
779.8	6.1737e-06
780.0	6.171e-06
780.2	6.1682e-06
780.4	6.1655e-06
780.6	6.1628e-06
780.8	6.16e-06
781.0	6.1573e-06
781.2	5.8044e-06
781.4	5.4261e-06
781.6	5.0724e-06
781.8	4.7418e-06
782.0	4.4328e-06
782.2	4.1439e-06
782.4	3.8738e-06
782.6	3.6213e-06
782.8	3.3853e-06
783.0	3.1647e-06
783.2	2.9054e-06
783.4	2.666e-06
783.6	2.4462e-06
783.8	2.2446e-06
784.0	2.0596e-06
784.2	1.8898e-06
784.4	1.7341e-06
784.6	1.5911e-06
784.8	1.46e-06
785.0	1.3396e-06
785.2	1.2677e-06
785.4	1.2073e-06
785.6	1.1498e-06
785.8	1.095e-06
786.0	1.0428e-06
786.2	9.9305e-07
786.4	9.4571e-07
786.6	9.0063e-07
786.8	8.577e-07
787.0	8.1681e-07
787.2	7.8413e-07
787.4	7.5561e-07
787.6	7.2812e-07
787.8	7.0164e-07
788.0	6.7611e-07
788.2	6.5152e-07
788.4	6.2782e-07
788.6	6.0498e-07
788.8	5.8297e-07
789.0	5.6177e-07
789.2	5.4688e-07
789.4	5.3396e-07
789.6	5.2135e-07
789.8	5.0903e-07
790.0	4.9701e-07
790.2	4.8527e-07
790.4	4.7381e-07
790.6	4.6261e-07
790.8	4.5169e-07
791.0	4.4102e-07
791.2	4.3344e-07
791.4	4.264e-07
791.6	4.1947e-07
791.8	4.1266e-07
792.0	4.0596e-07
792.2	3.9936e-07
792.4	3.9287e-07
792.6	3.8649e-07
792.8	3.8021e-07
793.0	3.7403e-07
793.2	3.692e-07
793.4	3.6445e-07
793.6	3.5977e-07
793.8	3.5515e-07
794.0	3.5059e-07
794.2	3.4608e-07
794.4	3.4163e-07
794.6	3.3724e-07
794.8	3.3291e-07
795.0	2.9575e-07
795.2	7.1582e-08
795.4	1.7325e-08
795.6	8.8314e-09
795.8	8.8319e-09
796.0	8.8323e-09
796.2	8.8327e-09
796.4	8.8331e-09
796.6	8.8307e-09
796.8	8.8281e-09
797.0	8.8256e-09
797.2	8.8231e-09
797.4	8.823e-09
797.6	8.8259e-09
797.8	8.8288e-09
798.0	8.8318e-09
798.2	8.8347e-09
798.4	8.8404e-09
798.6	8.8463e-09
798.8	8.8523e-09
799.0	8.8582e-09
799.2	8.863e-09
799.4	8.8658e-09
799.6	8.8686e-09
799.8	8.8714e-09
800.0	8.8741e-09
800.2	8.8712e-09
800.4	8.8672e-09
800.6	8.8632e-09
800.8	8.8592e-09
801.0	8.8594e-09
801.2	8.8694e-09
801.4	8.8794e-09
801.6	8.8894e-09
801.8	8.8995e-09
802.0	8.9041e-09
802.2	8.9071e-09
802.4	8.9101e-09
802.6	8.9131e-09
802.8	8.9148e-09
803.0	8.9126e-09
803.2	8.9104e-09
803.4	8.9081e-09
803.6	8.9059e-09
803.8	8.9093e-09
804.0	8.915e-09
804.2	8.9207e-09
804.4	8.9265e-09
804.6	8.9324e-09
804.8	8.9392e-09
805.0	8.946e-09
805.2	5.4771e-09
805.4	3.3533e-09
805.6	2.053e-09
805.8	1.2569e-09
806.0	7.6954e-10
806.2	7.3904e-10
806.4	1.3566e-09
806.6	2.4903e-09
806.8	4.5715e-09
807.0	8.3917e-09
807.2	1.5404e-08
807.4	2.8277e-08
807.6	5.1908e-08
807.8	9.5286e-08
808.0	1.7491e-07
808.2	2.6317e-07
808.4	3.2832e-07
808.6	4.096e-07
808.8	5.11e-07
809.0	6.375e-07
809.2	7.9532e-07
809.4	9.9221e-07
809.6	1.2378e-06
809.8	1.5443e-06
810.0	1.9266e-06
810.2	2.2322e-06
810.4	2.474e-06
810.6	2.742e-06
810.8	3.0391e-06
811.0	3.3683e-06
811.2	3.7333e-06
811.4	4.1377e-06
811.6	4.586e-06
811.8	5.0828e-06
812.0	5.6335e-06
812.2	6.0182e-06
812.4	6.3444e-06
812.6	6.6883e-06
812.8	7.0509e-06
813.0	7.4331e-06
813.2	7.836e-06
813.4	8.2608e-06
813.6	8.7086e-06
813.8	9.1806e-06
814.0	9.6783e-06
814.2	9.6797e-06
814.4	9.5916e-06
814.6	9.5044e-06
814.8	9.4179e-06
815.0	9.3322e-06
815.2	9.2473e-06
815.4	9.1632e-06
815.6	9.0798e-06
815.8	8.9972e-06
816.0	8.9154e-06
816.2	8.8227e-06
816.4	8.7134e-06
816.6	8.6055e-06
816.8	8.4989e-06
817.0	8.3936e-06
817.2	8.2897e-06
817.4	8.187e-06
817.6	8.0856e-06
817.8	7.9854e-06
818.0	7.8865e-06
818.2	7.7564e-06
818.4	7.598e-06
818.6	7.4427e-06
818.8	7.2907e-06
819.0	7.1417e-06
819.2	6.9958e-06
819.4	6.8528e-06
819.6	6.7128e-06
819.8	6.5757e-06
820.0	6.4413e-06
820.2	6.3466e-06
820.4	6.2752e-06
820.6	6.2046e-06
820.8	6.1347e-06
821.0	6.0657e-06
821.2	5.9974e-06
821.4	5.9299e-06
821.6	5.8632e-06
821.8	5.7972e-06
822.0	5.732e-06
822.2	5.7206e-06
822.4	5.7274e-06
822.6	5.7343e-06
822.8	5.7412e-06
823.0	5.7481e-06
823.2	5.755e-06
823.4	5.7619e-06
823.6	5.7688e-06
823.8	5.7757e-06
824.0	5.7826e-06
824.2	5.7997e-06
824.4	5.8184e-06
824.6	5.8372e-06
824.8	5.856e-06
825.0	5.8749e-06
825.2	5.8938e-06
825.4	5.9128e-06
825.6	5.9319e-06
825.8	5.951e-06
826.0	5.9702e-06
826.2	6.0319e-06
826.4	6.1604e-06
826.6	6.2916e-06
826.8	6.4257e-06
827.0	6.5626e-06
827.2	6.7025e-06
827.4	6.8453e-06
827.6	6.9911e-06
827.8	7.1401e-06
828.0	7.2922e-06
828.2	7.3986e-06
828.4	7.4601e-06
828.6	7.522e-06
828.8	7.5845e-06
829.0	7.6474e-06
829.2	7.7109e-06
829.4	7.775e-06
829.6	7.8395e-06
829.8	7.9046e-06
830.0	7.9702e-06
830.2	8.0151e-06
830.4	8.0478e-06
830.6	8.0807e-06
830.8	8.1138e-06
831.0	8.1469e-06
831.2	8.1803e-06
831.4	8.2137e-06
831.6	8.2473e-06
831.8	8.281e-06
832.0	8.3148e-06
832.2	8.3284e-06
832.4	8.3354e-06
832.6	8.3425e-06
832.8	8.3496e-06
833.0	8.3567e-06
833.2	8.3638e-06
833.4	8.3709e-06
833.6	8.378e-06
833.8	8.3851e-06
834.0	8.3922e-06
834.2	8.3096e-06
834.4	8.2168e-06
834.6	8.1251e-06
834.8	8.0345e-06
835.0	7.9448e-06
835.2	7.8561e-06
835.4	7.7684e-06
835.6	7.6817e-06
835.8	7.596e-06
836.0	7.5112e-06
836.2	7.4982e-06
836.4	7.6153e-06
836.6	7.7342e-06
836.8	7.8549e-06
837.0	7.9776e-06
837.2	8.1022e-06
837.4	8.2287e-06
837.6	8.3572e-06
837.8	8.4876e-06
838.0	8.6202e-06
838.2	8.7147e-06
838.4	8.7666e-06
838.6	8.8189e-06
838.8	8.8714e-06
839.0	8.9243e-06
839.2	8.9774e-06
839.4	9.0309e-06
839.6	9.0847e-06
839.8	9.1389e-06
840.0	9.1933e-06
840.2	9.2561e-06
840.4	9.3245e-06
840.6	9.3935e-06
840.8	9.4629e-06
841.0	9.5328e-06
841.2	9.6033e-06
841.4	9.6742e-06
841.6	9.7458e-06
841.8	9.8178e-06
842.0	9.8903e-06
842.2	9.92e-06
842.4	9.9349e-06
842.6	9.9498e-06
842.8	9.9648e-06
843.0	9.9797e-06
843.2	9.9947e-06
843.4	1.001e-05
843.6	1.0025e-05
843.8	1.004e-05
844.0	1.0055e-05
844.2	9.8589e-06
844.4	9.6389e-06
844.6	9.4239e-06
844.8	9.2136e-06
845.0	9.008e-06
845.2	8.807e-06
845.4	8.6104e-06
845.6	8.4183e-06
845.8	8.2305e-06
846.0	8.0468e-06
846.2	7.893e-06
846.4	7.7926e-06
846.6	7.6935e-06
846.8	7.5956e-06
847.0	7.499e-06
847.2	7.4036e-06
847.4	7.3094e-06
847.6	7.2164e-06
847.8	7.1246e-06
848.0	7.034e-06
848.2	6.8783e-06
848.4	6.6538e-06
848.6	6.4366e-06
848.8	6.2266e-06
849.0	6.0233e-06
849.2	5.8267e-06
849.4	5.6366e-06
849.6	5.4526e-06
849.8	5.2746e-06
850.0	5.1025e-06
850.2	4.9227e-06
850.4	4.7409e-06
850.6	4.5658e-06
850.8	4.3972e-06
851.0	4.2348e-06
851.2	4.0784e-06
851.4	3.9277e-06
851.6	3.7827e-06
851.8	3.643e-06
852.0	3.5084e-06
852.2	3.3877e-06
852.4	3.274e-06
852.6	3.1642e-06
852.8	3.058e-06
853.0	2.9554e-06
853.2	2.8562e-06
853.4	2.7604e-06
853.6	2.6678e-06
853.8	2.5782e-06
854.0	2.4917e-06
854.2	2.4004e-06
854.4	2.3114e-06
854.6	2.2258e-06
854.8	2.1433e-06
855.0	2.0639e-06
855.2	1.9874e-06
855.4	1.9138e-06
855.6	1.8429e-06
855.8	1.7746e-06
856.0	1.7088e-06
856.2	1.6631e-06
856.4	1.6526e-06
856.6	1.6421e-06
856.8	1.6316e-06
857.0	1.6213e-06
857.2	1.611e-06
857.4	1.6007e-06
857.6	1.5906e-06
857.8	1.5804e-06
858.0	1.5704e-06
858.2	1.5531e-06
858.4	1.5282e-06
858.6	1.5037e-06
858.8	1.4796e-06
859.0	1.4559e-06
859.2	1.4326e-06
859.4	1.4096e-06
859.6	1.387e-06
859.8	1.3648e-06
860.0	1.3429e-06
860.2	1.332e-06
860.4	1.3275e-06
860.6	1.323e-06
860.8	1.3186e-06
861.0	1.3141e-06
861.2	1.3097e-06
861.4	1.3053e-06
861.6	1.3009e-06
861.8	1.2965e-06
862.0	1.2922e-06
862.2	1.2847e-06
862.4	1.2763e-06
862.6	1.268e-06
862.8	1.2597e-06
863.0	1.2515e-06
863.2	1.2434e-06
863.4	1.2353e-06
863.6	1.2272e-06
863.8	1.2192e-06
864.0	1.2113e-06
864.2	1.2145e-06
864.4	1.2187e-06
864.6	1.2229e-06
864.8	1.2271e-06
865.0	1.2313e-06
865.2	1.2356e-06
865.4	1.2398e-06
865.6	1.2441e-06
865.8	1.2484e-06
866.0	1.2527e-06
866.2	1.2646e-06
866.4	1.2918e-06
866.6	1.3197e-06
866.8	1.3481e-06
867.0	1.3771e-06
867.2	1.4068e-06
867.4	1.4371e-06
867.6	1.468e-06
867.8	1.4997e-06
868.0	1.532e-06
868.2	1.5639e-06
868.4	1.5952e-06
868.6	1.6272e-06
868.8	1.6599e-06
869.0	1.6932e-06
869.2	1.7271e-06
869.4	1.7618e-06
869.6	1.7971e-06
869.8	1.8332e-06
870.0	1.8699e-06
870.2	1.9129e-06
870.4	1.9601e-06
870.6	2.0085e-06
870.8	2.058e-06
871.0	2.1088e-06
871.2	2.1608e-06
871.4	2.2141e-06
871.6	2.2687e-06
871.8	2.3247e-06
872.0	2.3821e-06
872.2	2.4487e-06
872.4	2.5193e-06
872.6	2.592e-06
872.8	2.6668e-06
873.0	2.7438e-06
873.2	2.823e-06
873.4	2.9044e-06
873.6	2.9882e-06
873.8	3.0745e-06
874.0	3.1632e-06
874.2	3.2493e-06
874.4	3.3375e-06
874.6	3.4281e-06
874.8	3.5211e-06
875.0	3.6166e-06
875.2	3.7148e-06
875.4	3.8156e-06
875.6	3.9191e-06
875.8	4.0254e-06
876.0	4.1346e-06
876.2	4.2653e-06
876.4	4.4439e-06
876.6	4.6299e-06
876.8	4.8237e-06
877.0	5.0256e-06
877.2	5.2359e-06
877.4	5.4551e-06
877.6	5.6835e-06
877.8	5.9214e-06
878.0	6.1692e-06
878.2	6.3752e-06
878.4	6.5252e-06
878.6	6.6787e-06
878.8	6.8358e-06
879.0	6.9966e-06
879.2	7.1612e-06
879.4	7.3296e-06
879.6	7.5021e-06
879.8	7.6786e-06
880.0	7.8592e-06
880.2	7.9535e-06
880.4	7.9921e-06
880.6	8.0309e-06
880.8	8.0699e-06
881.0	8.109e-06
881.2	8.1484e-06
881.4	8.1879e-06
881.6	8.2277e-06
881.8	8.2676e-06
882.0	8.3077e-06
882.2	8.2318e-06
882.4	8.1234e-06
882.6	8.0165e-06
882.8	7.911e-06
883.0	7.8068e-06
883.2	7.704e-06
883.4	7.6026e-06
883.6	7.5025e-06
883.8	7.4037e-06
884.0	7.3063e-06
884.2	7.0847e-06
884.4	6.8622e-06
884.6	6.6467e-06
884.8	6.438e-06
885.0	6.2358e-06
885.2	6.04e-06
885.4	5.8503e-06
885.6	5.6665e-06
885.8	5.4886e-06
886.0	5.3162e-06
886.2	5.1796e-06
886.4	5.1254e-06
886.6	5.0718e-06
886.8	5.0187e-06
887.0	4.9662e-06
887.2	4.9142e-06
887.4	4.8628e-06
887.6	4.8119e-06
887.8	4.7615e-06
888.0	4.7117e-06
888.2	4.6528e-06
888.4	4.5825e-06
888.6	4.5132e-06
888.8	4.4449e-06
889.0	4.3777e-06
889.2	4.3115e-06
889.4	4.2463e-06
889.6	4.182e-06
889.8	4.1188e-06
890.0	4.0565e-06
890.2	4.0033e-06
890.4	3.9561e-06
890.6	3.9094e-06
890.8	3.8633e-06
891.0	3.8178e-06
891.2	3.7728e-06
891.4	3.7283e-06
891.6	3.6843e-06
891.8	3.6409e-06
892.0	3.5979e-06
892.2	3.5766e-06
892.4	3.5618e-06
892.6	3.5471e-06
892.8	3.5325e-06
893.0	3.5179e-06
893.2	3.5034e-06
893.4	3.4889e-06
893.6	3.4745e-06
893.8	3.4602e-06
894.0	3.4459e-06
894.2	3.4306e-06
894.4	3.4153e-06
894.6	3.4e-06
894.8	3.3848e-06
895.0	3.3696e-06
895.2	3.3546e-06
895.4	3.3396e-06
895.6	3.3246e-06
895.8	3.3098e-06
896.0	3.295e-06
896.2	3.2954e-06
896.4	3.3381e-06
896.6	3.3814e-06
896.8	3.4252e-06
897.0	3.4696e-06
897.2	3.5146e-06
897.4	3.5601e-06
897.6	3.6063e-06
897.8	3.6531e-06
898.0	3.7004e-06
898.2	3.7449e-06
898.4	3.7853e-06
898.6	3.8261e-06
898.8	3.8674e-06
899.0	3.9092e-06
899.2	3.9513e-06
899.4	3.994e-06
899.6	4.0371e-06
899.8	4.0806e-06
900.0	4.1247e-06
900.2	4.1811e-06
900.4	4.2463e-06
900.6	4.3125e-06
900.8	4.3797e-06
901.0	4.448e-06
901.2	4.5174e-06
901.4	4.5878e-06
901.6	4.6593e-06
901.8	4.7319e-06
902.0	4.8057e-06
902.2	4.8972e-06
902.4	4.9951e-06
902.6	5.095e-06
902.8	5.1969e-06
903.0	5.3009e-06
903.2	5.4069e-06
903.4	5.5151e-06
903.6	5.6254e-06
903.8	5.7379e-06
904.0	5.8527e-06
904.2	5.9516e-06
904.4	6.0513e-06
904.6	6.1527e-06
904.8	6.2558e-06
905.0	6.3606e-06
905.2	6.4672e-06
905.4	6.5755e-06
905.6	6.6857e-06
905.8	6.7977e-06
906.0	6.9116e-06
906.2	7.0322e-06
906.4	7.1685e-06
906.6	7.3075e-06
906.8	7.4492e-06
907.0	7.5936e-06
907.2	7.7408e-06
907.4	7.8909e-06
907.6	8.0439e-06
907.8	8.1998e-06
908.0	8.3588e-06
908.2	8.4937e-06
908.4	8.5959e-06
908.6	8.6993e-06
908.8	8.804e-06
909.0	8.9099e-06
909.2	9.0171e-06
909.4	9.1256e-06
909.6	9.2354e-06
909.8	9.3465e-06
910.0	9.459e-06
910.2	9.5184e-06
910.4	9.544e-06
910.6	9.5696e-06
910.8	9.5954e-06
911.0	9.6212e-06
911.2	9.647e-06
911.4	9.673e-06
911.6	9.699e-06
911.8	9.7251e-06
912.0	9.7512e-06
912.2	9.7163e-06
912.4	9.6658e-06
912.6	9.6156e-06
912.8	9.5657e-06
913.0	9.516e-06
913.2	9.4666e-06
913.4	9.4174e-06
913.6	9.3685e-06
913.8	9.3198e-06
914.0	9.2714e-06
914.2	9.1603e-06
914.4	9.0493e-06
914.6	8.9397e-06
914.8	8.8314e-06
915.0	8.7243e-06
915.2	8.6186e-06
915.4	8.5142e-06
915.6	8.411e-06
915.8	8.3091e-06
916.0	8.2084e-06
916.2	8.1123e-06
916.4	8.0282e-06
916.6	7.945e-06
916.8	7.8627e-06
917.0	7.7812e-06
917.2	7.7005e-06
917.4	7.6207e-06
917.6	7.5417e-06
917.8	7.4636e-06
918.0	7.3862e-06
918.2	7.3094e-06
918.4	7.2331e-06
918.6	7.1576e-06
918.8	7.0828e-06
919.0	7.0089e-06
919.2	6.9357e-06
919.4	6.8633e-06
919.6	6.7916e-06
919.8	6.7207e-06
920.0	6.6505e-06
920.2	6.5939e-06
920.4	6.5462e-06
920.6	6.4989e-06
920.8	6.4519e-06
921.0	6.4053e-06
921.2	6.359e-06
921.4	6.313e-06
921.6	6.2674e-06
921.8	6.2221e-06
922.0	6.1772e-06
922.2	6.1422e-06
922.4	6.1101e-06
922.6	6.0781e-06
922.8	6.0463e-06
923.0	6.0146e-06
923.2	5.9832e-06
923.4	5.9519e-06
923.6	5.9207e-06
923.8	5.8897e-06
924.0	5.8589e-06
924.2	5.8463e-06
924.4	5.834e-06
924.6	5.8218e-06
924.8	5.8097e-06
925.0	5.7975e-06
925.2	5.7854e-06
925.4	5.7733e-06
925.6	5.7612e-06
925.8	5.7492e-06
926.0	5.7372e-06
926.2	5.7331e-06
926.4	5.7563e-06
926.6	5.7797e-06
926.8	5.8031e-06
927.0	5.8266e-06
927.2	5.8503e-06
927.4	5.874e-06
927.6	5.8978e-06
927.8	5.9217e-06
928.0	5.9457e-06
928.2	5.9779e-06
928.4	6.0218e-06
928.6	6.066e-06
928.8	6.1105e-06
929.0	6.1553e-06
929.2	6.2004e-06
929.4	6.2459e-06
929.6	6.2917e-06
929.8	6.3379e-06
930.0	6.3844e-06
930.2	6.4415e-06
930.4	6.506e-06
930.6	6.5712e-06
930.8	6.637e-06
931.0	6.7034e-06
931.2	6.7705e-06
931.4	6.8383e-06
931.6	6.9068e-06
931.8	6.9759e-06
932.0	7.0458e-06
932.2	7.1413e-06
932.4	7.2444e-06
932.6	7.349e-06
932.8	7.4551e-06
933.0	7.5628e-06
933.2	7.672e-06
933.4	7.7828e-06
933.6	7.8952e-06
933.8	8.0092e-06
934.0	8.1249e-06
934.2	8.2837e-06
934.4	8.4457e-06
934.6	8.6108e-06
934.8	8.7791e-06
935.0	8.9508e-06
935.2	9.1257e-06
935.4	9.3041e-06
935.6	9.486e-06
935.8	9.6715e-06
936.0	9.8605e-06
936.2	1.006e-05
936.4	1.0291e-05
936.6	1.0527e-05
936.8	1.0768e-05
937.0	1.1015e-05
937.2	1.1267e-05
937.4	1.1525e-05
937.6	1.179e-05
937.8	1.206e-05
938.0	1.2336e-05
938.2	1.2641e-05
938.4	1.2987e-05
938.6	1.3342e-05
938.8	1.3706e-05
939.0	1.4081e-05
939.2	1.4466e-05
939.4	1.4862e-05
939.6	1.5268e-05
939.8	1.5685e-05
940.0	1.6114e-05
940.2	1.6608e-05
940.4	1.7153e-05
940.6	1.7716e-05
940.8	1.8298e-05
941.0	1.8899e-05
941.2	1.9519e-05
941.4	2.016e-05
941.6	2.0822e-05
941.8	2.1505e-05
942.0	2.2212e-05
942.2	2.307e-05
942.4	2.3994e-05
942.6	2.4955e-05
942.8	2.5955e-05
943.0	2.6995e-05
943.2	2.8076e-05
943.4	2.9201e-05
943.6	3.037e-05
943.8	3.1587e-05
944.0	3.2853e-05
944.2	3.4273e-05
944.4	3.5753e-05
944.6	3.7298e-05
944.8	3.8909e-05
945.0	4.059e-05
945.2	4.2343e-05
945.4	4.4173e-05
945.6	4.6081e-05
945.8	4.7959e-05
946.0	5.0858e-05
946.2	5.2985e-05
946.4	5.7501e-05
946.6	5.8472e-05
946.8	6.3069e-05
947.0	6.5442e-05
947.2	6.9755e-05
947.4	7.3987e-05
947.6	7.8451e-05
947.8	8.3123e-05
948.0	8.8869e-05
948.2	9.4283e-05
948.4	9.9765e-05
948.6	1.0697e-04
948.8	1.1384e-04
949.0	1.231e-04
949.2	1.307e-04
949.4	1.3926e-04
949.6	1.5005e-04
949.8	1.6187e-04
950.0	1.7547e-04
950.2	1.8901e-04
950.4	2.0344e-04
950.6	2.1679e-04
950.8	2.3848e-04
951.0	2.605e-04
951.2	2.8425e-04
951.4	3.1086e-04
951.6	3.4101e-04
951.8	3.721e-04
952.0	4.0881e-04
952.2	4.5308e-04
952.4	5.0241e-04
952.6	5.5479e-04
952.8	6.1469e-04
953.0	6.8328e-04
953.2	7.6055e-04
953.4	8.513e-04
953.6	9.5167e-04
953.8	0.00105
954.0	0.00117
954.2	0.00131
954.4	0.00144
954.6	0.00159
954.8	0.00174
955.0	0.00189
955.2	0.00199
955.4	0.0021
955.6	0.00222
955.8	0.00231
956.0	0.00233
956.2	0.00229
956.4	0.00224
956.6	0.00217
956.8	0.00209
957.0	0.00198
957.2	0.00187
957.4	0.00175
957.6	0.00165
957.8	0.00154
958.0	0.00145
958.2	0.00135
958.4	0.00126
958.6	0.00119
958.8	0.00112
959.0	0.00105
959.2	9.9769e-04
959.4	9.3981e-04
959.6	8.9852e-04
959.8	8.475e-04
960.0	8.0668e-04
960.2	7.7247e-04
960.4	7.3647e-04
960.6	7.1071e-04
960.8	6.8249e-04
961.0	6.589e-04
961.2	6.3657e-04
961.4	6.1306e-04
961.6	5.8865e-04
961.8	5.7254e-04
962.0	5.5646e-04
962.2	5.4493e-04
962.4	5.2758e-04
962.6	5.1921e-04
962.8	5.0845e-04
963.0	4.9436e-04
963.2	4.9007e-04
963.4	4.8274e-04
963.6	4.6784e-04
963.8	4.5946e-04
964.0	4.5846e-04
964.2	4.4845e-04
964.4	4.4684e-04
964.6	4.4017e-04
964.8	4.3773e-04
965.0	4.3362e-04
965.2	4.3607e-04
965.4	4.3853e-04
965.6	4.41e-04
965.8	4.4344e-04
966.0	4.4156e-04
966.2	4.4022e-04
966.4	4.4063e-04
966.6	4.4282e-04
966.8	4.4531e-04
967.0	4.4211e-04
967.2	4.4419e-04
967.4	4.4672e-04
967.6	4.481e-04
967.8	4.4887e-04
968.0	4.521e-04
968.2	4.5537e-04
968.4	4.5511e-04
968.6	4.5739e-04
968.8	4.6264e-04
969.0	4.6856e-04
969.2	4.7673e-04
969.4	4.7918e-04
969.6	4.8406e-04
969.8	4.8999e-04
970.0	4.9516e-04
970.2	5.0001e-04
970.4	5.1088e-04
970.6	5.2147e-04
970.8	5.3127e-04
971.0	5.4008e-04
971.2	5.4862e-04
971.4	5.6183e-04
971.6	5.705e-04
971.8	5.8077e-04
972.0	5.9318e-04
972.2	6.0706e-04
972.4	6.2128e-04
972.6	6.3494e-04
972.8	6.5939e-04
973.0	6.8146e-04
973.2	6.9817e-04
973.4	7.1441e-04
973.6	7.385e-04
973.8	7.5607e-04
974.0	7.8135e-04
974.2	8.0737e-04
974.4	8.3021e-04
974.6	8.5831e-04
974.8	8.8823e-04
975.0	9.1901e-04
975.2	9.3221e-04
975.4	9.456e-04
975.6	9.5918e-04
975.8	9.7318e-04
976.0	0.001
976.2	0.00104
976.4	0.00108
976.6	0.00113
976.8	0.00118
977.0	0.00122
977.2	0.00127
977.4	0.00133
977.6	0.0014
977.8	0.00146
978.0	0.00153
978.2	0.00159
978.4	0.00168
978.6	0.00176
978.8	0.00185
979.0	0.00196
979.2	0.00206
979.4	0.00217
979.6	0.00231
979.8	0.00245
980.0	0.0026
980.2	0.00276
980.4	0.00294
980.6	0.00311
980.8	0.00334
981.0	0.00359
981.2	0.00384
981.4	0.00412
981.6	0.00443
981.8	0.00479
982.0	0.00517
982.2	0.0056
982.4	0.00613
982.6	0.00664
982.8	0.00723
983.0	0.00795
983.2	0.00877
983.4	0.00964
983.6	0.01066
983.8	0.0119
984.0	0.01326
984.2	0.01486
984.4	0.01678
984.6	0.01911
984.8	0.02171
985.0	0.02483
985.2	0.02894
985.4	0.03372
985.6	0.0393
985.8	0.04575
986.0	0.0554
986.2	0.06767
986.4	0.08374
986.6	0.10508
986.8	0.13341
987.0	0.17138
987.2	0.22064
987.4	0.28374
987.6	0.35233
987.8	0.40491
988.0	0.42489
988.2	0.40252
988.4	0.35198
988.6	0.28989
988.8	0.23403
989.0	0.18932
989.2	0.15478
989.4	0.12774
989.6	0.10699
989.8	0.09138
990.0	0.07876
990.2	0.06873
990.4	0.06066
990.6	0.0542
990.8	0.04848
991.0	0.04366
991.2	0.03992
991.4	0.03683
991.6	0.034
991.8	0.03132
992.0	0.02913
992.2	0.02754
992.4	0.02589
992.6	0.02438
992.8	0.023
993.0	0.02196
993.2	0.02098
993.4	0.02014
993.6	0.01932
993.8	0.01857
994.0	0.01794
994.2	0.01737
994.4	0.01689
994.6	0.01643
994.8	0.01595
995.0	0.01554
995.2	0.01627
995.4	0.01704
995.6	0.01785
995.8	0.01819
996.0	0.01781
996.2	0.01736
996.4	0.01689
996.6	0.01632
996.8	0.01592
997.0	0.0156
997.2	0.01538
997.4	0.01511
997.6	0.01487
997.8	0.01479
998.0	0.01464
998.2	0.01456
998.4	0.01451
998.6	0.0145
998.8	0.01453
999.0	0.01453
999.2	0.01451
999.4	0.01458
999.6	0.01467
999.8	0.01473
1000.0	0.0149
1000.2	0.01511
1000.4	0.01523
1000.6	0.01544
1000.8	0.01564
1001.0	0.01591
1001.2	0.01612
1001.4	0.01638
1001.6	0.01663
1001.8	0.01697
1002.0	0.01734
1002.2	0.01761
1002.4	0.01799
1002.6	0.01837
1002.8	0.01883
1003.0	0.01922
1003.2	0.01966
1003.4	0.02024
1003.6	0.02083
1003.8	0.02134
1004.0	0.02184
1004.2	0.02256
1004.4	0.02323
1004.6	0.02394
1004.8	0.02469
1005.0	0.02539
1005.2	0.02604
1005.4	0.02685
1005.6	0.02774
1005.8	0.0288
1006.0	0.02994
1006.2	0.03103
1006.4	0.03224
1006.6	0.03358
1006.8	0.03502
1007.0	0.03656
1007.2	0.03809
1007.4	0.0397
1007.6	0.04152
1007.8	0.04358
1008.0	0.04563
1008.2	0.04789
1008.4	0.05023
1008.6	0.05283
1008.8	0.0556
1009.0	0.05845
1009.2	0.06166
1009.4	0.06521
1009.6	0.06892
1009.8	0.07293
1010.0	0.07702
1010.2	0.08181
1010.4	0.08709
1010.6	0.09238
1010.8	0.09828
1011.0	0.10458
1011.2	0.11135
1011.4	0.11894
1011.6	0.12701
1011.8	0.13545
1012.0	0.14487
1012.2	0.15494
1012.4	0.16545
1012.6	0.1775
1012.8	0.18993
1013.0	0.20314
1013.2	0.21753
1013.4	0.2326
1013.6	0.24842
1013.8	0.26432
1014.0	0.28079
1014.2	0.29808
1014.4	0.31695
1014.6	0.33304
1014.8	0.34962
1015.0	0.36614
1015.2	0.38225
1015.4	0.39702
1015.6	0.40944
1015.8	0.42031
1016.0	0.42968
1016.2	0.43713
1016.4	0.44163
1016.6	0.44566
1016.8	0.44572
1017.0	0.44347
1017.2	0.44125
1017.4	0.43776
1017.6	0.43054
1017.8	0.42309
1018.0	0.41449
1018.2	0.4068
1018.4	0.39808
1018.6	0.38792
1018.8	0.37884
1019.0	0.36894
1019.2	0.35892
1019.4	0.35028
1019.6	0.34374
1019.8	0.33342
1020.0	0.32428
1020.2	0.31703
1020.4	0.31064
1020.6	0.30385
1020.8	0.29636
1021.0	0.29034
1021.2	0.28473
1021.4	0.27945
1021.6	0.2743
1021.8	0.27125
1022.0	0.26579
1022.2	0.26116
1022.4	0.25832
1022.6	0.25579
1022.8	0.25334
1023.0	0.2499
1023.2	0.2477
1023.4	0.24623
1023.6	0.24462
1023.8	0.24347
1024.0	0.24376
1024.2	0.24143
1024.4	0.24031
1024.6	0.24092
1024.8	0.24175
1025.0	0.23907
1025.2	0.23791
1025.4	0.23794
1025.6	0.24054
1025.8	0.24218
1026.0	0.24235
1026.2	0.24292
1026.4	0.24611
1026.6	0.25073
1026.8	0.25139
1027.0	0.25413
1027.2	0.25735
1027.4	0.25994
1027.6	0.26364
1027.8	0.26992
1028.0	0.27394
1028.2	0.27692
1028.4	0.28109
1028.6	0.28727
1028.8	0.29371
1029.0	0.299
1029.2	0.30652
1029.4	0.31235
1029.6	0.31792
1029.8	0.32579
1030.0	0.33535
1030.2	0.34253
1030.4	0.35169
1030.6	0.36001
1030.8	0.36884
1031.0	0.37843
1031.2	0.3893
1031.4	0.40123
1031.6	0.41089
1031.8	0.4217
1032.0	0.43432
1032.2	0.44664
1032.4	0.4589
1032.6	0.47334
1032.8	0.48598
1033.0	0.49824
1033.2	0.51189
1033.4	0.5264
1033.6	0.54042
1033.8	0.55413
1034.0	0.56782
1034.2	0.58121
1034.4	0.59388
1034.6	0.60673
1034.8	0.62008
1035.0	0.63112
1035.2	0.64317
1035.4	0.65364
1035.6	0.66236
1035.8	0.67197
1036.0	0.67918
1036.2	0.68595
1036.4	0.69052
1036.6	0.69508
1036.8	0.69819
1037.0	0.70049
1037.2	0.69978
1037.4	0.69918
1037.6	0.69771
1037.8	0.69435
1038.0	0.68996
1038.2	0.68496
1038.4	0.67948
1038.6	0.67176
1038.8	0.66389
1039.0	0.65599
1039.2	0.64711
1039.4	0.63705
1039.6	0.62938
1039.8	0.61819
1040.0	0.60715
1040.2	0.59698
1040.4	0.58653
1040.6	0.57575
1040.8	0.56613
1041.0	0.5557
1041.2	0.54471
1041.4	0.53428
1041.6	0.52467
1041.8	0.51441
1042.0	0.50512
1042.2	0.49755
1042.4	0.48709
1042.6	0.47844
1042.8	0.47071
1043.0	0.46203
1043.2	0.45436
1043.4	0.44712
1043.6	0.44037
1043.8	0.43281
1044.0	0.42651
1044.2	0.41976
1044.4	0.41307
1044.6	0.40805
1044.8	0.40322
1045.0	0.39577
1045.2	0.39035
1045.4	0.38389
1045.6	0.37987
1045.8	0.37565
1046.0	0.37063
1046.2	0.36885
1046.4	0.36633
1046.6	0.36309
1046.8	0.36006
1047.0	0.35723
1047.2	0.35411
1047.4	0.35209
1047.6	0.35015
1047.8	0.34838
1048.0	0.34675
1048.2	0.34632
1048.4	0.34417
1048.6	0.34256
1048.8	0.34169
1049.0	0.34001
1049.2	0.34039
1049.4	0.34061
1049.6	0.34011
1049.8	0.34054
1050.0	0.34018
1050.2	0.33951
1050.4	0.33995
1050.6	0.34056
1050.8	0.34109
1051.0	0.34237
1051.2	0.34504
1051.4	0.34452
1051.6	0.34599
1051.8	0.34709
1052.0	0.34733
1052.2	0.34945
1052.4	0.35199
1052.6	0.35297
1052.8	0.35706
1053.0	0.35892
1053.2	0.36012
1053.4	0.36258
1053.6	0.36453
1053.8	0.36569
1054.0	0.37004
1054.2	0.37249
1054.4	0.37582
1054.6	0.3799
1054.8	0.38274
1055.0	0.38481
1055.2	0.38894
1055.4	0.39088
1055.6	0.39464
1055.8	0.39851
1056.0	0.401
1056.2	0.40527
1056.4	0.40991
1056.6	0.41231
1056.8	0.41719
1057.0	0.41886
1057.2	0.42225
1057.4	0.42633
1057.6	0.42882
1057.8	0.43335
1058.0	0.43785
1058.2	0.44129
1058.4	0.44537
1058.6	0.44819
1058.8	0.45141
1059.0	0.45449
1059.2	0.45708
1059.4	0.4593
1059.6	0.46318
1059.8	0.46655
1060.0	0.46949
1060.2	0.47321
1060.4	0.47367
1060.6	0.47726
1060.8	0.47963
1061.0	0.48044
1061.2	0.48274
1061.4	0.48387
1061.6	0.4844
1061.8	0.48715
1062.0	0.48826
1062.2	0.48952
1062.4	0.49158
1062.6	0.49151
1062.8	0.49244
1063.0	0.49201
1063.2	0.49261
1063.4	0.4917
1063.6	0.49103
1063.8	0.4918
1064.0	0.49112
1064.2	0.49067
1064.4	0.49046
1064.6	0.48968
1064.8	0.48895
1065.0	0.48665
1065.2	0.48444
1065.4	0.48249
1065.6	0.48199
1065.8	0.47892
1066.0	0.47805
1066.2	0.47802
1066.4	0.47655
1066.6	0.47667
1066.8	0.47542
1067.0	0.47402
1067.2	0.4744
1067.4	0.47107
1067.6	0.4705
1067.8	0.46856
1068.0	0.46527
1068.2	0.46566
1068.4	0.46244
1068.6	0.46307
1068.8	0.46342
1069.0	0.46201
1069.2	0.46465
1069.4	0.46257
1069.6	0.46244
1069.8	0.46129
1070.0	0.46022
1070.2	0.45961
1070.4	0.45898
1070.6	0.45807
1070.8	0.45909
1071.0	0.45749
1071.2	0.45975
1071.4	0.46037
1071.6	0.461
1071.8	0.46359
1072.0	0.46363
1072.2	0.46496
1072.4	0.46633
1072.6	0.4657
1072.8	0.4685
1073.0	0.46883
1073.2	0.46954
1073.4	0.47234
1073.6	0.47355
1073.8	0.47735
1074.0	0.47994
1074.2	0.48198
1074.4	0.48845
1074.6	0.48821
1074.8	0.49402
1075.0	0.49523
1075.2	0.49881
1075.4	0.50318
1075.6	0.50574
1075.8	0.51075
1076.0	0.51451
1076.2	0.51786
1076.4	0.5235
1076.6	0.52737
1076.8	0.53535
1077.0	0.54045
1077.2	0.54674
1077.4	0.5534
1077.6	0.55912
1077.8	0.56686
1078.0	0.57185
1078.2	0.57942
1078.4	0.58572
1078.6	0.59229
1078.8	0.60001
1079.0	0.60691
1079.2	0.61585
1079.4	0.62435
1079.6	0.63142
1079.8	0.64026
1080.0	0.64926
1080.2	0.66002
1080.4	0.66931
1080.6	0.677
1080.8	0.68626
1081.0	0.69623
1081.2	0.70748
1081.4	0.71595
1081.6	0.72572
1081.8	0.73416
1082.0	0.74432
1082.2	0.75312
1082.4	0.76392
1082.6	0.7722
1082.8	0.78271
1083.0	0.79215
1083.2	0.80209
1083.4	0.80961
1083.6	0.81734
1083.8	0.82656
1084.0	0.83384
1084.2	0.84118
1084.4	0.8484
1084.6	0.85458
1084.8	0.86027
1085.0	0.86581
1085.2	0.86843
1085.4	0.87164
1085.6	0.87585
1085.8	0.87822
1086.0	0.88143
1086.2	0.88184
1086.4	0.88205
1086.6	0.88145
1086.8	0.87975
1087.0	0.87802
1087.2	0.87599
1087.4	0.87159
1087.6	0.86986
1087.8	0.86278
1088.0	0.85608
1088.2	0.8494
1088.4	0.84526
1088.6	0.83398
1088.8	0.8281
1089.0	0.81839
1089.2	0.80682
1089.4	0.7989
1089.6	0.78697
1089.8	0.77931
1090.0	0.76726
1090.2	0.75239
1090.4	0.74182
1090.6	0.73199
1090.8	0.7178
1091.0	0.70771
1091.2	0.69441
1091.4	0.6833
1091.6	0.67085
1091.8	0.66218
1092.0	0.64896
1092.2	0.63813
1092.4	0.62908
1092.6	0.61729
1092.8	0.60978
1093.0	0.59702
1093.2	0.58732
1093.4	0.57683
1093.6	0.56733
1093.8	0.56012
1094.0	0.54812
1094.2	0.54313
1094.4	0.53064
1094.6	0.52313
1094.8	0.51216
1095.0	0.50574
1095.2	0.4959
1095.4	0.48832
1095.6	0.48082
1095.8	0.47281
1096.0	0.46626
1096.2	0.45734
1096.4	0.45278
1096.6	0.44417
1096.8	0.43709
1097.0	0.43249
1097.2	0.42541
1097.4	0.42118
1097.6	0.41265
1097.8	0.41191
1098.0	0.40226
1098.2	0.40157
1098.4	0.39309
1098.6	0.39195
1098.8	0.3879
1099.0	0.38365
1099.2	0.38017
1099.4	0.37625
1099.6	0.37426
1099.8	0.37021
1100.0	0.36836
1100.2	0.36443
1100.4	0.36306
1100.6	0.35876
1100.8	0.35714
1101.0	0.35443
1101.2	0.35237
1101.4	0.35274
1101.6	0.34898
1101.8	0.35005
1102.0	0.34582
1102.2	0.34659
1102.4	0.34347
1102.6	0.34441
1102.8	0.34089
1103.0	0.34197
1103.2	0.33969
1103.4	0.33829
1103.6	0.34008
1103.8	0.33777
1104.0	0.34099
1104.2	0.33802
1104.4	0.34
1104.6	0.33904
1104.8	0.33924
1105.0	0.33823
1105.2	0.33973
1105.4	0.34029
1105.6	0.34127
1105.8	0.34318
1106.0	0.34325
1106.2	0.34535
1106.4	0.34542
1106.6	0.34725
1106.8	0.3482
1107.0	0.35177
1107.2	0.35205
1107.4	0.35523
1107.6	0.35758
1107.8	0.35987
1108.0	0.36206
1108.2	0.36562
1108.4	0.36673
1108.6	0.37045
1108.8	0.37388
1109.0	0.37737
1109.2	0.38101
1109.4	0.38532
1109.6	0.38803
1109.8	0.39251
1110.0	0.39693
1110.2	0.40139
1110.4	0.40603
1110.6	0.41165
1110.8	0.4172
1111.0	0.42108
1111.2	0.427
1111.4	0.43131
1111.6	0.43903
1111.8	0.44349
1112.0	0.45005
1112.2	0.45649
1112.4	0.46297
1112.6	0.47097
1112.8	0.47886
1113.0	0.48522
1113.2	0.49167
1113.4	0.49982
1113.6	0.5097
1113.8	0.51823
1114.0	0.52773
1114.2	0.5362
1114.4	0.54376
1114.6	0.55425
1114.8	0.56428
1115.0	0.57332
1115.2	0.5818
1115.4	0.59474
1115.6	0.60205
1115.8	0.61441
1116.0	0.62476
1116.2	0.63712
1116.4	0.64706
1116.6	0.66006
1116.8	0.67229
1117.0	0.68354
1117.2	0.69413
1117.4	0.70772
1117.6	0.71952
1117.8	0.73009
1118.0	0.74309
1118.2	0.75614
1118.4	0.76296
1118.6	0.77899
1118.8	0.7908
1119.0	0.80394
1119.2	0.81197
1119.4	0.8245
1119.6	0.83521
1119.8	0.84568
1120.0	0.85747
1120.2	0.8641
1120.4	0.87642
1120.6	0.88427
1120.8	0.89138
1121.0	0.90595
1121.2	0.91191
1121.4	0.91791
1121.6	0.92395
1121.8	0.93002
1122.0	0.93605
1122.2	0.93829
1122.4	0.94054
1122.6	0.9428
1122.8	0.94506
1123.0	0.94729
1123.2	0.94565
1123.4	0.94402
1123.6	0.94238
1123.8	0.94075
1124.0	0.93903
1124.2	0.93415
1124.4	0.92929
1124.6	0.92446
1124.8	0.91965
1125.0	0.91483
1125.2	0.90649
1125.4	0.89822
1125.6	0.89003
1125.8	0.88191
1126.0	0.87381
1126.2	0.86417
1126.4	0.85463
1126.6	0.8452
1126.8	0.83588
1127.0	0.82664
1127.2	0.81636
1127.4	0.80621
1127.6	0.79618
1127.8	0.78628
1128.0	0.77649
1128.2	0.7663
1128.4	0.75624
1128.6	0.74632
1128.8	0.73653
1129.0	0.72686
1129.2	0.71726
1129.4	0.70777
1129.6	0.69842
1129.8	0.68918
1130.0	0.68009
1130.2	0.67154
1130.4	0.66309
1130.6	0.65475
1130.8	0.64652
1131.0	0.6384
1131.2	0.63058
1131.4	0.62285
1131.6	0.61522
1131.8	0.60769
1132.0	0.60025
1132.2	0.59371
1132.4	0.58723
1132.6	0.58083
1132.8	0.5745
1133.0	0.56826
1133.2	0.56295
1133.4	0.5577
1133.6	0.55249
1133.8	0.54732
1134.0	0.54224
1134.2	0.53884
1134.4	0.53546
1134.6	0.53209
1134.8	0.52875
1135.0	0.52545
1135.2	0.52244
1135.4	0.51946
1135.6	0.51649
1135.8	0.51354
1136.0	0.51061
1136.2	0.50789
1136.4	0.50519
1136.6	0.50249
1136.8	0.49982
1137.0	0.49717
1137.2	0.49541
1137.4	0.49366
1137.6	0.49192
1137.8	0.49018
1138.0	0.48851
1138.2	0.48821
1138.4	0.4879
1138.6	0.4876
1138.8	0.4873
1139.0	0.48702
1139.2	0.48784
1139.4	0.48865
1139.6	0.48947
1139.8	0.4903
1140.0	0.49112
1140.2	0.49193
1140.4	0.49274
1140.6	0.49355
1140.8	0.49437
1141.0	0.49521
1141.2	0.49681
1141.4	0.49841
1141.6	0.50002
1141.8	0.50163
1142.0	0.50328
1142.2	0.50598
1142.4	0.50869
1142.6	0.51143
1142.8	0.51417
1143.0	0.51696
1143.2	0.52138
1143.4	0.52583
1143.6	0.53033
1143.8	0.53486
1144.0	0.53937
1144.2	0.54252
1144.4	0.54569
1144.6	0.54889
1144.8	0.55209
1145.0	0.55536
1145.2	0.55981
1145.4	0.5643
1145.6	0.56883
1145.8	0.5734
1146.0	0.57802
1146.2	0.58368
1146.4	0.58939
1146.6	0.59516
1146.8	0.60099
1147.0	0.60683
1147.2	0.61183
1147.4	0.61688
1147.6	0.62196
1147.8	0.62709
1148.0	0.63227
1148.2	0.6378
1148.4	0.64337
1148.6	0.649
1148.8	0.65467
1149.0	0.66038
1149.2	0.66577
1149.4	0.67121
1149.6	0.67669
1149.8	0.68222
1150.0	0.68776
1150.2	0.69184
1150.4	0.69593
1150.6	0.70005
1150.8	0.7042
1151.0	0.70836
1151.2	0.71151
1151.4	0.71468
1151.6	0.71786
1151.8	0.72106
1152.0	0.72416
1152.2	0.72534
1152.4	0.72652
1152.6	0.7277
1152.8	0.72888
1153.0	0.72997
1153.2	0.72876
1153.4	0.72755
1153.6	0.72634
1153.8	0.72514
1154.0	0.72387
1154.2	0.72071
1154.4	0.71757
1154.6	0.71444
1154.8	0.71133
1155.0	0.70815
1155.2	0.7025
1155.4	0.69689
1155.6	0.69133
1155.8	0.68581
1156.0	0.6803
1156.2	0.67319
1156.4	0.66614
1156.6	0.65917
1156.8	0.65228
1157.0	0.64542
1157.2	0.63709
1157.4	0.62887
1157.6	0.62076
1157.8	0.61275
1158.0	0.60482
1158.2	0.5955
1158.4	0.58633
1158.6	0.57729
1158.8	0.56839
1159.0	0.55963
1159.2	0.55111
1159.4	0.54271
1159.6	0.53444
1159.8	0.5263
1160.0	0.51821
1160.2	0.50875
1160.4	0.49946
1160.6	0.49034
1160.8	0.48139
1161.0	0.47266
1161.2	0.4652
1161.4	0.45786
1161.6	0.45064
1161.8	0.44353
1162.0	0.43648
1162.2	0.42851
1162.4	0.42069
1162.6	0.413
1162.8	0.40546
1163.0	0.39808
1163.2	0.39125
1163.4	0.38454
1163.6	0.37795
1163.8	0.37146
1164.0	0.36513
1164.2	0.35967
1164.4	0.35431
1164.6	0.34902
1164.8	0.34381
1165.0	0.33864
1165.2	0.33282
1165.4	0.3271
1165.6	0.32148
1165.8	0.31595
1166.0	0.31059
1166.2	0.30682
1166.4	0.30309
1166.6	0.29942
1166.8	0.29578
1167.0	0.29214
1167.2	0.28749
1167.4	0.28291
1167.6	0.2784
1167.8	0.27396
1168.0	0.26967
1168.2	0.26716
1168.4	0.26468
1168.6	0.26221
1168.8	0.25977
1169.0	0.2573
1169.2	0.25374
1169.4	0.25022
1169.6	0.24676
1169.8	0.24334
1170.0	0.24005
1170.2	0.23827
1170.4	0.23651
1170.6	0.23476
1170.8	0.23303
1171.0	0.2313
1171.2	0.22878
1171.4	0.22629
1171.6	0.22383
1171.8	0.22139
1172.0	0.219
1172.2	0.21797
1172.4	0.21694
1172.6	0.21592
1172.8	0.2149
1173.0	0.21386
1173.2	0.21184
1173.4	0.20983
1173.6	0.20784
1173.8	0.20587
1174.0	0.20396
1174.2	0.20368
1174.4	0.2034
1174.6	0.20311
1174.8	0.20283
1175.0	0.20251
1175.2	0.20108
1175.4	0.19966
1175.6	0.19825
1175.8	0.19685
1176.0	0.19552
1176.2	0.19551
1176.4	0.1955
1176.6	0.19548
1176.8	0.19547
1177.0	0.19545
1177.2	0.1947
1177.4	0.19395
1177.6	0.19321
1177.8	0.19247
1178.0	0.19174
1178.2	0.19186
1178.4	0.19198
1178.6	0.1921
1178.8	0.19222
1179.0	0.19234
1179.2	0.19255
1179.4	0.19276
1179.6	0.19297
1179.8	0.19318
1180.0	0.19338
1180.2	0.19336
1180.4	0.19334
1180.6	0.19332
1180.8	0.1933
1181.0	0.19333
1181.2	0.19429
1181.4	0.19525
1181.6	0.19622
1181.8	0.1972
1182.0	0.19816
1182.2	0.19826
1182.4	0.19835
1182.6	0.19844
1182.8	0.19854
1183.0	0.19867
1183.2	0.20021
1183.4	0.20177
1183.6	0.20333
1183.8	0.20491
1184.0	0.20648
1184.2	0.20746
1184.4	0.20845
1184.6	0.20945
1184.8	0.21045
1185.0	0.21146
1185.2	0.21266
1185.4	0.21387
1185.6	0.21508
1185.8	0.2163
1186.0	0.21756
1186.2	0.21974
1186.4	0.22194
1186.6	0.22416
1186.8	0.2264
1187.0	0.22862
1187.2	0.22994
1187.4	0.23127
1187.6	0.2326
1187.8	0.23395
1188.0	0.23531
1188.2	0.23787
1188.4	0.24045
1188.6	0.24306
1188.8	0.24569
1189.0	0.24836
1189.2	0.251
1189.4	0.25368
1189.6	0.25638
1189.8	0.25911
1190.0	0.26185
1190.2	0.2641
1190.4	0.26637
1190.6	0.26866
1190.8	0.27097
1191.0	0.27332
1191.2	0.2768
1191.4	0.28031
1191.6	0.28387
1191.8	0.28747
1192.0	0.29112
1192.2	0.2947
1192.4	0.29832
1192.6	0.30199
1192.8	0.30571
1193.0	0.30946
1193.2	0.31296
1193.4	0.31649
1193.6	0.32007
1193.8	0.32368
1194.0	0.32737
1194.2	0.33191
1194.4	0.33651
1194.6	0.34118
1194.8	0.34591
1195.0	0.35069
1195.2	0.35519
1195.4	0.35975
1195.6	0.36437
1195.8	0.36904
1196.0	0.37377
1196.2	0.37831
1196.4	0.38291
1196.6	0.38757
1196.8	0.39228
1197.0	0.39705
1197.2	0.40233
1197.4	0.40767
1197.6	0.41308
1197.8	0.41856
1198.0	0.42411
1198.2	0.42945
1198.4	0.43486
1198.6	0.44034
1198.8	0.44589
1199.0	0.4515
1199.2	0.45681
1199.4	0.46219
1199.6	0.46763
1199.8	0.47313
1200.0	0.4787
