wl	%T
300.0	4.0589e-07
300.2	3.7437e-07
300.4	3.4529e-07
300.6	3.1848e-07
300.8	2.9374e-07
301.0	2.7093e-07
301.2	2.4989e-07
301.4	2.3048e-07
301.6	2.1258e-07
301.8	1.9607e-07
302.0	1.931e-07
302.2	1.9024e-07
302.4	1.8742e-07
302.6	1.8465e-07
302.8	1.8191e-07
303.0	1.7921e-07
303.2	1.7656e-07
303.4	1.7394e-07
303.6	1.7136e-07
303.8	1.6883e-07
304.0	1.6685e-07
304.2	1.6505e-07
304.4	1.6326e-07
304.6	1.615e-07
304.8	1.5975e-07
305.0	1.5802e-07
305.2	1.5631e-07
305.4	1.5462e-07
305.6	1.5295e-07
305.8	1.5129e-07
306.0	1.5e-07
306.2	1.4898e-07
306.4	1.4797e-07
306.6	1.4696e-07
306.8	1.4596e-07
307.0	1.4497e-07
307.2	1.4398e-07
307.4	1.43e-07
307.6	1.4202e-07
307.8	1.4106e-07
308.0	1.4156e-07
308.2	1.4459e-07
308.4	1.477e-07
308.6	1.5086e-07
308.8	1.541e-07
309.0	1.574e-07
309.2	1.6078e-07
309.4	1.6423e-07
309.6	1.6775e-07
309.8	1.7135e-07
310.0	1.7659e-07
310.2	2.0164e-07
310.4	2.3025e-07
310.6	2.6292e-07
310.8	3.0023e-07
311.0	3.4283e-07
311.2	3.9147e-07
311.4	4.4701e-07
311.6	5.1044e-07
311.8	5.8286e-07
312.0	5.0666e-07
312.2	4.3735e-07
312.4	3.7753e-07
312.6	3.2588e-07
312.8	2.8131e-07
313.0	2.4282e-07
313.2	2.0961e-07
313.4	1.8093e-07
313.6	1.5618e-07
313.8	1.3482e-07
314.0	1.3699e-07
314.2	1.4634e-07
314.4	1.5633e-07
314.6	1.67e-07
314.8	1.784e-07
315.0	1.9058e-07
315.2	2.0358e-07
315.4	2.1748e-07
315.6	2.3233e-07
315.8	2.4819e-07
316.0	2.4518e-07
316.2	2.2805e-07
316.4	2.1212e-07
316.6	1.973e-07
316.8	1.8351e-07
317.0	1.7069e-07
317.2	1.5876e-07
317.4	1.4767e-07
317.6	1.3736e-07
317.8	1.2776e-07
318.0	1.2926e-07
318.2	1.5137e-07
318.4	1.7727e-07
318.6	2.0761e-07
318.8	2.4313e-07
319.0	2.8473e-07
319.2	3.3344e-07
319.4	3.905e-07
319.6	4.5731e-07
319.8	5.3556e-07
320.0	6.1037e-07
320.2	5.088e-07
320.4	4.2414e-07
320.6	3.5356e-07
320.8	2.9473e-07
321.0	2.4569e-07
321.2	2.0481e-07
321.4	1.7073e-07
321.6	1.4232e-07
321.8	1.1864e-07
322.0	1.1796e-07
322.2	1.1771e-07
322.4	1.1746e-07
322.6	1.172e-07
322.8	1.1695e-07
323.0	1.167e-07
323.2	1.1645e-07
323.4	1.1621e-07
323.6	1.1596e-07
323.8	1.1571e-07
324.0	1.3692e-07
324.2	1.7e-07
324.4	2.1107e-07
324.6	2.6207e-07
324.8	3.2538e-07
325.0	4.0399e-07
325.2	5.016e-07
325.4	6.2278e-07
325.6	7.7325e-07
325.8	9.6006e-07
326.0	9.1156e-07
326.2	7.1271e-07
326.4	5.5724e-07
326.6	4.3569e-07
326.8	3.4065e-07
327.0	2.6634e-07
327.2	2.0824e-07
327.4	1.6281e-07
327.6	1.273e-07
327.8	9.9529e-08
328.0	8.551e-08
328.2	8.5403e-08
328.4	8.5296e-08
328.6	8.5189e-08
328.8	8.5083e-08
329.0	8.4977e-08
329.2	8.487e-08
329.4	8.4764e-08
329.6	8.4658e-08
329.8	8.4553e-08
330.0	8.5448e-08
330.2	9.6608e-08
330.4	1.0922e-07
330.6	1.2349e-07
330.8	1.3962e-07
331.0	1.5785e-07
331.2	1.7847e-07
331.4	2.0178e-07
331.6	2.2813e-07
331.8	2.5793e-07
332.0	2.2637e-07
332.2	1.9604e-07
332.4	1.6977e-07
332.6	1.4702e-07
332.8	1.2733e-07
333.0	1.1027e-07
333.2	9.5492e-08
333.4	8.2698e-08
333.6	7.1618e-08
333.8	6.2022e-08
334.0	6.2584e-08
334.2	6.6363e-08
334.4	7.0369e-08
334.6	7.4618e-08
334.8	7.9123e-08
335.0	8.39e-08
335.2	8.8966e-08
335.4	9.4338e-08
335.6	1.0003e-07
335.8	1.0607e-07
336.0	1.1062e-07
336.2	1.1389e-07
336.4	1.1727e-07
336.6	1.2074e-07
336.8	1.2431e-07
337.0	1.2799e-07
337.2	1.3178e-07
337.4	1.3568e-07
337.6	1.3969e-07
337.8	1.4383e-07
338.0	1.448e-07
338.2	1.4044e-07
338.4	1.3621e-07
338.6	1.3211e-07
338.8	1.2813e-07
339.0	1.2427e-07
339.2	1.2052e-07
339.4	1.1689e-07
339.6	1.1337e-07
339.8	1.0996e-07
340.0	1.0831e-07
340.2	1.2367e-07
340.4	1.4122e-07
340.6	1.6125e-07
340.8	1.8412e-07
341.0	2.1023e-07
341.2	2.4005e-07
341.4	2.741e-07
341.6	3.1298e-07
341.8	3.5738e-07
342.0	2.9331e-07
342.2	2.3481e-07
342.4	1.8799e-07
342.6	1.505e-07
342.8	1.2048e-07
343.0	9.6455e-08
343.2	7.7219e-08
343.4	6.182e-08
343.6	4.9491e-08
343.8	3.9621e-08
344.0	3.7242e-08
344.2	3.7036e-08
344.4	3.6832e-08
344.6	3.6629e-08
344.8	3.6427e-08
345.0	3.6226e-08
345.2	3.6026e-08
345.4	3.5827e-08
345.6	3.5629e-08
345.8	3.5433e-08
346.0	4.0991e-08
346.2	5.3534e-08
346.4	6.9915e-08
346.6	9.1308e-08
346.8	1.1925e-07
347.0	1.5574e-07
347.2	2.0339e-07
347.4	2.6563e-07
347.6	3.4691e-07
347.8	4.5307e-07
348.0	4.9613e-07
348.2	4.0506e-07
348.4	3.3071e-07
348.6	2.7e-07
348.8	2.2044e-07
349.0	1.7997e-07
349.2	1.4694e-07
349.4	1.1996e-07
349.6	9.7942e-08
349.8	7.9963e-08
350.0	6.8063e-08
350.2	8.6175e-08
350.4	1.0911e-07
350.6	1.3814e-07
350.8	1.7489e-07
351.0	2.2143e-07
351.2	2.8035e-07
351.4	3.5495e-07
351.6	4.4941e-07
351.8	5.6899e-07
352.0	5.4792e-07
352.2	5.1687e-07
352.4	4.8758e-07
352.6	4.5995e-07
352.8	4.3389e-07
353.0	4.093e-07
353.2	3.861e-07
353.4	3.6422e-07
353.6	3.4359e-07
353.8	3.2411e-07
354.0	2.738e-07
354.2	2.2273e-07
354.4	1.8118e-07
354.6	1.4738e-07
354.8	1.1989e-07
355.0	9.7526e-08
355.2	7.9334e-08
355.4	6.4535e-08
355.6	5.2497e-08
355.8	4.2704e-08
356.0	3.8993e-08
356.2	3.8918e-08
356.4	3.8843e-08
356.6	3.8768e-08
356.8	3.8693e-08
357.0	3.8618e-08
357.2	3.8544e-08
357.4	3.8469e-08
357.6	3.8395e-08
357.8	3.8321e-08
358.0	4.0653e-08
358.2	4.7447e-08
358.4	5.5376e-08
358.6	6.463e-08
358.8	7.5431e-08
359.0	8.8037e-08
359.2	1.0275e-07
359.4	1.1992e-07
359.6	1.3996e-07
359.8	1.6335e-07
360.0	1.9343e-07
360.2	2.5922e-07
360.4	3.4738e-07
360.6	4.6552e-07
360.8	6.2384e-07
361.0	8.36e-07
361.2	1.1203e-06
361.4	1.5013e-06
361.6	2.0119e-06
361.8	2.6962e-06
362.0	2.1742e-06
362.2	1.6973e-06
362.4	1.325e-06
362.6	1.0344e-06
362.8	8.0754e-07
363.0	6.3042e-07
363.2	4.9215e-07
363.4	3.8421e-07
363.6	2.9994e-07
363.8	2.3416e-07
364.0	2.4051e-07
364.2	2.6876e-07
364.4	3.0032e-07
364.6	3.3559e-07
364.8	3.7501e-07
365.0	4.1905e-07
365.2	4.6827e-07
365.4	5.2327e-07
365.6	5.8473e-07
365.8	6.5341e-07
366.0	6.2377e-07
366.2	5.3376e-07
366.4	4.5674e-07
366.6	3.9083e-07
366.8	3.3444e-07
367.0	2.8618e-07
367.2	2.4488e-07
367.4	2.0955e-07
367.6	1.7931e-07
367.8	1.5344e-07
368.0	1.3258e-07
368.2	1.1614e-07
368.4	1.0173e-07
368.6	8.9117e-08
368.8	7.8065e-08
369.0	6.8383e-08
369.2	5.9903e-08
369.4	5.2474e-08
369.6	4.5966e-08
369.8	4.0266e-08
370.0	3.6158e-08
370.2	3.8624e-08
370.4	4.1258e-08
370.6	4.4072e-08
370.8	4.7079e-08
371.0	5.029e-08
371.2	5.372e-08
371.4	5.7384e-08
371.6	6.1298e-08
371.8	6.5479e-08
372.0	7.5198e-08
372.2	8.6797e-08
372.4	1.0018e-07
372.6	1.1564e-07
372.8	1.3347e-07
373.0	1.5406e-07
373.2	1.7782e-07
373.4	2.0524e-07
373.6	2.369e-07
373.8	2.7344e-07
374.0	2.3893e-07
374.2	1.9167e-07
374.4	1.5376e-07
374.6	1.2335e-07
374.8	9.8947e-08
375.0	7.9375e-08
375.2	6.3675e-08
375.4	5.108e-08
375.6	4.0976e-08
375.8	3.2871e-08
376.0	3.1275e-08
376.2	3.3341e-08
376.4	3.5543e-08
376.6	3.7891e-08
376.8	4.0395e-08
377.0	4.3063e-08
377.2	4.5908e-08
377.4	4.894e-08
377.6	5.2173e-08
377.8	5.562e-08
378.0	5.8409e-08
378.2	6.0126e-08
378.4	6.1894e-08
378.6	6.3713e-08
378.8	6.5586e-08
379.0	6.7514e-08
379.2	6.9499e-08
379.4	7.1542e-08
379.6	7.3646e-08
379.8	7.5811e-08
380.0	7.653e-08
380.2	6.8169e-08
380.4	6.0721e-08
380.6	5.4087e-08
380.8	4.8177e-08
381.0	4.2913e-08
381.2	3.8225e-08
381.4	3.4048e-08
381.6	3.0328e-08
381.8	2.7015e-08
382.0	3.283e-08
382.2	4.0914e-08
382.4	5.099e-08
382.6	6.3546e-08
382.8	7.9194e-08
383.0	9.8696e-08
383.2	1.23e-07
383.4	1.5329e-07
383.6	1.9104e-07
383.8	2.3808e-07
384.0	2.1032e-07
384.2	1.6667e-07
384.4	1.3207e-07
384.6	1.0466e-07
384.8	8.2937e-08
385.0	6.5723e-08
385.2	5.2081e-08
385.4	4.1271e-08
385.6	3.2705e-08
385.8	2.5917e-08
386.0	2.7501e-08
386.2	3.5453e-08
386.4	4.5705e-08
386.6	5.8921e-08
386.8	7.5958e-08
387.0	9.7922e-08
387.2	1.2624e-07
387.4	1.6274e-07
387.6	2.098e-07
387.8	2.7046e-07
388.0	2.912e-07
388.2	2.4929e-07
388.4	2.1342e-07
388.6	1.827e-07
388.8	1.5641e-07
389.0	1.339e-07
389.2	1.1463e-07
389.4	9.8135e-08
389.6	8.4012e-08
389.8	7.1922e-08
390.0	6.1834e-08
390.2	5.4567e-08
390.4	4.8155e-08
390.6	4.2496e-08
390.8	3.7502e-08
391.0	3.3095e-08
391.2	2.9205e-08
391.4	2.5773e-08
391.6	2.2745e-08
391.8	2.0072e-08
392.0	1.976e-08
392.2	1.9653e-08
392.4	1.9545e-08
392.6	1.9439e-08
392.8	1.9333e-08
393.0	1.9227e-08
393.2	1.9123e-08
393.4	1.9018e-08
393.6	1.8915e-08
393.8	1.8811e-08
394.0	1.8715e-08
394.2	1.862e-08
394.4	1.8526e-08
394.6	1.8433e-08
394.8	1.834e-08
395.0	1.8247e-08
395.2	1.8155e-08
395.4	1.8063e-08
395.6	1.7972e-08
395.8	1.7882e-08
396.0	2.1464e-08
396.2	2.9197e-08
396.4	3.9717e-08
396.6	5.4027e-08
396.8	7.3493e-08
397.0	9.9973e-08
397.2	1.3599e-07
397.4	1.8499e-07
397.6	2.5164e-07
397.8	3.4231e-07
398.0	4.0162e-07
398.2	3.9328e-07
398.4	3.851e-07
398.6	3.771e-07
398.8	3.6926e-07
399.0	3.6159e-07
399.2	3.5407e-07
399.4	3.4671e-07
399.6	3.3951e-07
399.8	3.3245e-07
400.0	3.1631e-07
400.2	2.557e-07
400.4	2.067e-07
400.6	1.671e-07
400.8	1.3508e-07
401.0	1.0919e-07
401.2	8.8269e-08
401.4	7.1355e-08
401.6	5.7682e-08
401.8	4.6629e-08
402.0	4.8051e-08
402.2	5.1183e-08
402.4	5.4519e-08
402.6	5.8073e-08
402.8	6.1858e-08
403.0	6.589e-08
403.2	7.0185e-08
403.4	7.476e-08
403.6	7.9633e-08
403.8	8.4823e-08
404.0	8.7808e-08
404.2	8.9944e-08
404.4	9.2131e-08
404.6	9.4371e-08
404.8	9.6666e-08
405.0	9.9017e-08
405.2	1.0142e-07
405.4	1.0389e-07
405.6	1.0642e-07
405.8	1.0901e-07
406.0	1.1752e-07
406.2	1.3147e-07
406.4	1.4708e-07
406.6	1.6454e-07
406.8	1.8408e-07
407.0	2.0594e-07
407.2	2.304e-07
407.4	2.5775e-07
407.6	2.8836e-07
407.8	3.226e-07
408.0	3.4358e-07
408.2	3.4282e-07
408.4	3.4206e-07
408.6	3.4131e-07
408.8	3.4055e-07
409.0	3.398e-07
409.2	3.3905e-07
409.4	3.383e-07
409.6	3.3755e-07
409.8	3.3681e-07
410.0	3.3285e-07
410.2	3.1007e-07
410.4	2.8885e-07
410.6	2.6909e-07
410.8	2.5067e-07
411.0	2.3352e-07
411.2	2.1754e-07
411.4	2.0265e-07
411.6	1.8879e-07
411.8	1.7587e-07
412.0	1.3856e-07
412.2	1.0658e-07
412.4	8.1983e-08
412.6	6.3063e-08
412.8	4.8509e-08
413.0	3.7314e-08
413.2	2.8702e-08
413.4	2.2078e-08
413.6	1.6983e-08
413.8	1.3063e-08
414.0	1.4699e-08
414.2	1.9038e-08
414.4	2.4657e-08
414.6	3.1935e-08
414.8	4.1362e-08
415.0	5.3571e-08
415.2	6.9384e-08
415.4	8.9864e-08
415.6	1.1639e-07
415.8	1.5075e-07
416.0	1.7008e-07
416.2	1.7401e-07
416.4	1.7802e-07
416.6	1.8213e-07
416.8	1.8633e-07
417.0	1.9063e-07
417.2	1.9503e-07
417.4	1.9953e-07
417.6	2.0414e-07
417.8	2.0885e-07
418.0	2.0669e-07
418.2	1.9625e-07
418.4	1.8634e-07
418.6	1.7693e-07
418.8	1.68e-07
419.0	1.5951e-07
419.2	1.5146e-07
419.4	1.4381e-07
419.6	1.3655e-07
419.8	1.2965e-07
420.0	1.2887e-07
420.2	1.6446e-07
420.4	2.0987e-07
420.6	2.6782e-07
420.8	3.4178e-07
421.0	4.3615e-07
421.2	5.5659e-07
421.4	7.1027e-07
421.6	9.064e-07
421.8	1.1567e-06
422.0	1.0409e-06
422.2	8.972e-07
422.4	7.7331e-07
422.6	6.6653e-07
422.8	5.7449e-07
423.0	4.9516e-07
423.2	4.2679e-07
423.4	3.6785e-07
423.6	3.1706e-07
423.8	2.7328e-07
424.0	2.3554e-07
424.2	2.0302e-07
424.4	1.7498e-07
424.6	1.5852e-07
424.8	1.4463e-07
425.0	1.3196e-07
425.2	1.2039e-07
425.4	1.0984e-07
425.6	1.0022e-07
425.8	9.1437e-08
426.0	8.3425e-08
426.2	7.6114e-08
426.4	7.0375e-08
426.6	6.7793e-08
426.8	6.5306e-08
427.0	6.2909e-08
427.2	6.0601e-08
427.4	5.8377e-08
427.6	5.6235e-08
427.8	5.4172e-08
428.0	5.2184e-08
428.2	5.027e-08
428.4	4.8314e-08
428.6	4.5575e-08
428.8	4.2992e-08
429.0	4.0556e-08
429.2	3.8257e-08
429.4	3.6089e-08
429.6	3.4043e-08
429.8	3.2114e-08
430.0	3.0294e-08
430.2	2.8577e-08
430.4	2.6957e-08
430.6	2.8409e-08
430.8	3.0025e-08
431.0	3.1733e-08
431.2	3.3537e-08
431.4	3.5444e-08
431.6	3.746e-08
431.8	3.959e-08
432.0	4.1842e-08
432.2	4.4222e-08
432.4	4.6736e-08
432.6	4.9394e-08
432.8	5.2203e-08
433.0	4.9829e-08
433.2	4.2499e-08
433.4	3.6247e-08
433.6	3.0914e-08
433.8	2.6366e-08
434.0	2.2488e-08
434.2	1.9179e-08
434.4	1.6358e-08
434.6	1.3951e-08
434.8	1.1899e-08
435.0	4.7409e-08
435.2	4.034e-08
435.4	3.4325e-08
435.6	2.9207e-08
435.8	2.4852e-08
436.0	2.1147e-08
436.2	1.7994e-08
436.4	1.5311e-08
436.6	1.3028e-08
436.8	1.1085e-08
437.0	9.4324e-09
437.2	9.4053e-09
437.4	9.3857e-09
437.6	9.3662e-09
437.8	9.3467e-09
438.0	9.3273e-09
438.2	9.3079e-09
438.4	9.2886e-09
438.6	9.2693e-09
438.8	9.25e-09
439.0	9.2308e-09
439.2	1.254e-08
439.4	1.7876e-08
439.6	2.5482e-08
439.8	3.6325e-08
440.0	5.1781e-08
440.2	7.3813e-08
440.4	1.0522e-07
440.6	1.4999e-07
440.8	2.1381e-07
441.0	3.0479e-07
441.2	2.5721e-07
441.4	1.7968e-07
441.6	1.2552e-07
441.8	8.768e-08
442.0	6.125e-08
442.2	4.2787e-08
442.4	2.9889e-08
442.6	2.0879e-08
442.8	1.4585e-08
443.0	1.0189e-08
443.2	1.1099e-08
443.4	1.6061e-08
443.6	2.3242e-08
443.8	3.3635e-08
444.0	4.8674e-08
444.2	7.0437e-08
444.4	1.0193e-07
444.6	1.4751e-07
444.8	2.1346e-07
445.0	3.0891e-07
445.2	2.8792e-07
445.4	2.6836e-07
445.6	2.5013e-07
445.8	2.3314e-07
446.0	2.173e-07
446.2	2.0254e-07
446.4	1.8878e-07
446.6	1.7596e-07
446.8	1.64e-07
447.0	1.5286e-07
447.2	1.6169e-07
447.4	1.7126e-07
447.6	1.8139e-07
447.8	1.9211e-07
448.0	2.0347e-07
448.2	2.1551e-07
448.4	2.2825e-07
448.6	2.4175e-07
448.8	2.5605e-07
449.0	2.7119e-07
449.2	2.7134e-07
449.4	2.6909e-07
449.6	2.6685e-07
449.8	2.6464e-07
450.0	2.6244e-07
450.2	2.6026e-07
450.4	2.581e-07
450.6	2.5595e-07
450.8	2.5383e-07
451.0	2.5172e-07
451.2	2.6335e-07
451.4	2.8074e-07
451.6	2.9928e-07
451.8	3.1905e-07
452.0	3.4012e-07
452.2	3.6259e-07
452.4	3.8653e-07
452.6	4.1206e-07
452.8	4.3928e-07
453.0	4.6829e-07
453.2	4.615e-07
453.4	4.3344e-07
453.6	4.0707e-07
453.8	3.8232e-07
454.0	3.5906e-07
454.2	3.3722e-07
454.4	3.1671e-07
454.6	2.9745e-07
454.8	2.7936e-07
455.0	2.6237e-07
455.2	2.7781e-07
455.4	2.9416e-07
455.6	3.1147e-07
455.8	3.298e-07
456.0	3.4921e-07
456.2	3.6977e-07
456.4	3.9153e-07
456.6	4.1457e-07
456.8	4.3897e-07
457.0	4.6482e-07
457.2	4.9577e-07
457.4	5.2878e-07
457.6	5.6399e-07
457.8	6.0154e-07
458.0	6.416e-07
458.2	6.8432e-07
458.4	7.2989e-07
458.6	7.7849e-07
458.8	8.3033e-07
459.0	8.8561e-07
459.2	7.4747e-07
459.4	6.1198e-07
459.6	5.0105e-07
459.8	4.1022e-07
460.0	3.3586e-07
460.2	2.7498e-07
460.4	2.2514e-07
460.6	1.8433e-07
460.8	1.5091e-07
461.0	1.2356e-07
461.2	1.2824e-07
461.4	1.4288e-07
461.6	1.5919e-07
461.8	1.7736e-07
462.0	1.976e-07
462.2	2.2016e-07
462.4	2.4528e-07
462.6	2.7328e-07
462.8	3.0447e-07
463.0	3.3922e-07
463.2	3.0459e-07
463.4	2.4412e-07
463.6	1.9566e-07
463.8	1.5681e-07
464.0	1.2568e-07
464.2	1.0073e-07
464.4	8.073e-08
464.6	6.4703e-08
464.8	5.1857e-08
465.0	4.1562e-08
465.2	4.4003e-08
465.4	4.6588e-08
465.6	4.9325e-08
465.8	5.2223e-08
466.0	5.5291e-08
466.2	5.854e-08
466.4	6.1979e-08
466.6	6.562e-08
466.8	6.9475e-08
467.0	7.3556e-08
467.2	8.261e-08
467.4	9.2948e-08
467.6	1.0458e-07
467.8	1.1767e-07
468.0	1.3239e-07
468.2	1.4896e-07
468.4	1.676e-07
468.6	1.8857e-07
468.8	2.1217e-07
469.0	2.3872e-07
469.2	1.8663e-07
469.4	1.3717e-07
469.6	1.0081e-07
469.8	7.4093e-08
470.0	5.4456e-08
470.2	4.0024e-08
470.4	2.9416e-08
470.6	2.162e-08
470.8	1.589e-08
471.0	1.1678e-08
471.2	1.4025e-08
471.4	1.9926e-08
471.6	2.8311e-08
471.8	4.0222e-08
472.0	5.7146e-08
472.2	8.119e-08
472.4	1.1535e-07
472.6	1.6389e-07
472.8	2.3284e-07
473.0	3.3081e-07
473.2	3.0204e-07
473.4	2.1389e-07
473.6	1.5146e-07
473.8	1.0726e-07
474.0	7.5951e-08
474.2	5.3784e-08
474.4	3.8086e-08
474.6	2.697e-08
474.8	1.9099e-08
475.0	1.3524e-08
475.2	1.5244e-08
475.4	1.7182e-08
475.6	1.9366e-08
475.8	2.1828e-08
476.0	2.4603e-08
476.2	2.773e-08
476.4	3.1255e-08
476.6	3.5229e-08
476.8	3.9707e-08
477.0	4.4755e-08
477.2	5.4609e-08
477.4	6.6687e-08
477.6	8.1435e-08
477.8	9.9446e-08
478.0	1.2144e-07
478.2	1.483e-07
478.4	1.811e-07
478.6	2.2115e-07
478.8	2.7006e-07
479.0	3.2978e-07
479.2	2.5673e-07
479.4	1.8795e-07
479.6	1.3761e-07
479.8	1.0074e-07
480.0	7.3756e-08
480.2	5.3998e-08
480.4	3.9533e-08
480.6	2.8943e-08
480.8	2.119e-08
481.0	1.5513e-08
481.2	1.8326e-08
481.4	2.4874e-08
481.6	3.3762e-08
481.8	4.5826e-08
482.0	6.22e-08
482.2	8.4426e-08
482.4	1.1459e-07
482.6	1.5554e-07
482.8	2.1112e-07
483.0	2.8655e-07
483.2	2.6914e-07
483.4	2.1172e-07
483.6	1.6655e-07
483.8	1.3102e-07
484.0	1.0307e-07
484.2	8.1079e-08
484.4	6.3781e-08
484.6	5.0174e-08
484.8	3.947e-08
485.0	3.1049e-08
485.2	3.9246e-08
485.4	4.9607e-08
485.6	6.2704e-08
485.8	7.9258e-08
486.0	1.0018e-07
486.2	1.2663e-07
486.4	1.6006e-07
486.6	2.0232e-07
486.8	2.5573e-07
487.0	3.2325e-07
487.2	2.6956e-07
487.4	2.2043e-07
487.6	1.8025e-07
487.8	1.4739e-07
488.0	1.2053e-07
488.2	9.8559e-08
488.4	8.0595e-08
488.6	6.5904e-08
488.8	5.3892e-08
489.0	4.4069e-08
489.2	4.0459e-08
489.4	3.7881e-08
489.6	3.5468e-08
489.8	3.3208e-08
490.0	3.1092e-08
490.2	2.9111e-08
490.4	2.7257e-08
490.6	2.552e-08
490.8	2.3894e-08
491.0	2.2372e-08
491.2	2.8038e-08
491.4	3.8626e-08
491.6	5.3213e-08
491.8	7.3308e-08
492.0	1.0099e-07
492.2	1.3913e-07
492.4	1.9167e-07
492.6	2.6405e-07
492.8	3.6377e-07
493.0	5.0114e-07
493.2	5.1023e-07
493.4	4.4456e-07
493.6	3.8734e-07
493.8	3.3749e-07
494.0	2.9405e-07
494.2	2.562e-07
494.4	2.2322e-07
494.6	1.9449e-07
494.8	1.6946e-07
495.0	1.4765e-07
495.2	1.6932e-07
495.4	1.9418e-07
495.6	2.2269e-07
495.8	2.5538e-07
496.0	2.9287e-07
496.2	3.3586e-07
496.4	3.8517e-07
496.6	4.4171e-07
496.8	5.0656e-07
497.0	5.8092e-07
497.2	4.5143e-07
497.4	3.4369e-07
497.6	2.6166e-07
497.8	1.9921e-07
498.0	1.5166e-07
498.2	1.1547e-07
498.4	8.7909e-08
498.6	6.6928e-08
498.8	5.0954e-08
499.0	3.8793e-08
499.2	4.4385e-08
499.4	5.4416e-08
499.6	6.6713e-08
499.8	8.1789e-08
500.0	1.0027e-07
500.2	1.2293e-07
500.4	1.5071e-07
500.6	1.8477e-07
500.8	2.2653e-07
501.0	2.7772e-07
501.2	2.4925e-07
501.4	2.0325e-07
501.6	1.6575e-07
501.8	1.3516e-07
502.0	1.1022e-07
502.2	8.9882e-08
502.4	7.3296e-08
502.6	5.9771e-08
502.8	4.8741e-08
503.0	3.9747e-08
503.2	3.99e-08
503.4	4.427e-08
503.6	4.9118e-08
503.8	5.4498e-08
504.0	6.0466e-08
504.2	6.7088e-08
504.4	7.4435e-08
504.6	8.2587e-08
504.8	9.1631e-08
505.0	1.0167e-07
505.2	1.0219e-07
505.4	1.0272e-07
505.6	1.0325e-07
505.8	1.0378e-07
506.0	1.0432e-07
506.2	1.0485e-07
506.4	1.0539e-07
506.6	1.0594e-07
506.8	1.0649e-07
507.0	1.0703e-07
507.2	9.4544e-08
507.4	8.3121e-08
507.6	7.3078e-08
507.8	6.4248e-08
508.0	5.6486e-08
508.2	4.9661e-08
508.4	4.366e-08
508.6	3.8385e-08
508.8	3.3747e-08
509.0	2.967e-08
509.2	3.0555e-08
509.4	3.2187e-08
509.6	3.3905e-08
509.8	3.5715e-08
510.0	3.7621e-08
510.2	3.963e-08
510.4	4.1745e-08
510.6	4.3974e-08
510.8	4.6321e-08
511.0	4.8794e-08
511.2	4.5976e-08
511.4	4.2055e-08
511.6	3.8468e-08
511.8	3.5188e-08
512.0	3.2187e-08
512.2	2.9442e-08
512.4	2.6931e-08
512.6	2.4635e-08
512.8	2.2534e-08
513.0	2.0612e-08
513.2	1.9012e-08
513.4	1.7598e-08
513.6	1.6288e-08
513.8	1.5076e-08
514.0	1.3955e-08
514.2	1.2916e-08
514.4	1.1955e-08
514.6	1.1066e-08
514.8	1.0242e-08
515.0	9.4803e-09
515.2	7.5073e-09
515.4	5.9448e-09
515.6	4.7076e-09
515.8	3.7278e-09
516.0	2.952e-09
516.2	2.3376e-09
516.4	1.8511e-09
516.6	1.4659e-09
516.8	1.1608e-09
517.0	9.192e-10
517.2	1.0225e-09
517.4	1.1692e-09
517.6	1.3369e-09
517.8	1.5287e-09
518.0	1.7481e-09
518.2	1.9989e-09
518.4	2.2856e-09
518.6	2.6136e-09
518.8	2.9885e-09
519.0	3.4173e-09
519.2	3.4864e-09
519.4	3.4805e-09
519.6	3.4747e-09
519.8	3.4688e-09
520.0	3.463e-09
520.2	3.4571e-09
520.4	3.4513e-09
520.6	3.4455e-09
520.8	3.4397e-09
521.0	3.4339e-09
521.2	3.7829e-09
521.4	4.299e-09
521.6	4.8855e-09
521.8	5.5521e-09
522.0	6.3096e-09
522.2	7.1704e-09
522.4	8.1487e-09
522.6	9.2604e-09
522.8	1.0524e-08
523.0	1.196e-08
523.2	1.2275e-08
523.4	1.2021e-08
523.6	1.1773e-08
523.8	1.153e-08
524.0	1.1292e-08
524.2	1.1059e-08
524.4	1.0831e-08
524.6	1.0607e-08
524.8	1.0389e-08
525.0	1.0174e-08
525.2	1.0177e-08
525.4	1.018e-08
525.6	1.0183e-08
525.8	1.0186e-08
526.0	1.0189e-08
526.2	1.0192e-08
526.4	1.0196e-08
526.6	1.0199e-08
526.8	1.0202e-08
527.0	1.0205e-08
527.2	1.044e-08
527.4	1.0697e-08
527.6	1.096e-08
527.8	1.1229e-08
528.0	1.1505e-08
528.2	1.1787e-08
528.4	1.2077e-08
528.6	1.2373e-08
528.8	1.2677e-08
529.0	1.2989e-08
529.2	1.0202e-08
529.4	7.6878e-09
529.6	5.7931e-09
529.8	4.3654e-09
530.0	3.2896e-09
530.2	2.4789e-09
530.4	1.868e-09
530.6	1.4076e-09
530.8	1.0607e-09
531.0	7.9929e-10
531.2	9.1947e-10
531.4	1.1836e-09
531.6	1.5236e-09
531.8	1.9613e-09
532.0	2.5248e-09
532.2	3.25e-09
532.4	4.1837e-09
532.6	5.3855e-09
532.8	6.9327e-09
533.0	8.9242e-09
533.2	9.3754e-09
533.4	9.1011e-09
533.6	8.8347e-09
533.8	8.5762e-09
534.0	8.3253e-09
534.2	8.0816e-09
534.4	7.8451e-09
534.6	7.6156e-09
534.8	7.3927e-09
535.0	7.1764e-09
535.2	6.1105e-09
535.4	5.2029e-09
535.6	4.4301e-09
535.8	3.7721e-09
536.0	3.2118e-09
536.2	2.7348e-09
536.4	2.3286e-09
536.6	1.9827e-09
536.8	1.6882e-09
537.0	1.4375e-09
537.2	1.5723e-09
537.4	1.7499e-09
537.6	1.9477e-09
537.8	2.1678e-09
538.0	2.4127e-09
538.2	2.6853e-09
538.4	2.9887e-09
538.6	3.3264e-09
538.8	3.7023e-09
539.0	4.1206e-09
539.2	4.2336e-09
539.4	4.2956e-09
539.6	4.3585e-09
539.8	4.4224e-09
540.0	4.4872e-09
540.2	4.5529e-09
540.4	4.6196e-09
540.6	4.6873e-09
540.8	4.756e-09
541.0	4.8256e-09
541.2	4.8865e-09
541.4	4.9457e-09
541.6	5.0056e-09
541.8	5.0663e-09
542.0	5.1276e-09
542.2	5.1897e-09
542.4	5.2526e-09
542.6	5.3162e-09
542.8	5.3806e-09
543.0	5.4458e-09
543.2	5.3132e-09
543.4	5.1158e-09
543.6	4.9258e-09
543.8	4.7428e-09
544.0	4.5666e-09
544.2	4.3969e-09
544.4	4.2335e-09
544.6	4.0762e-09
544.8	3.9248e-09
545.0	3.779e-09
545.2	4.0298e-09
545.4	4.3039e-09
545.6	4.5967e-09
545.8	4.9094e-09
546.0	5.2434e-09
546.2	5.6001e-09
546.4	5.981e-09
546.6	6.3879e-09
546.8	6.8225e-09
547.0	7.2866e-09
547.2	7.1984e-09
547.4	7.0499e-09
547.6	6.9045e-09
547.8	6.7621e-09
548.0	6.6226e-09
548.2	6.486e-09
548.4	6.3522e-09
548.6	6.2212e-09
548.8	6.0929e-09
549.0	5.9672e-09
549.2	5.4241e-09
549.4	4.861e-09
549.6	4.3563e-09
549.8	3.904e-09
550.0	3.4986e-09
550.2	3.1354e-09
550.4	2.8098e-09
550.6	2.5181e-09
550.8	2.2567e-09
551.0	2.0224e-09
551.2	2.1082e-09
551.4	2.2934e-09
551.6	2.495e-09
551.8	2.7142e-09
552.0	2.9527e-09
552.2	3.2121e-09
552.4	3.4943e-09
552.6	3.8014e-09
552.8	4.1354e-09
553.0	4.4988e-09
553.2	4.6858e-09
553.4	4.7987e-09
553.6	4.9144e-09
553.8	5.0329e-09
554.0	5.1542e-09
554.2	5.2784e-09
554.4	5.4057e-09
554.6	5.536e-09
554.8	5.6694e-09
555.0	5.8061e-09
555.2	5.219e-09
555.4	4.6756e-09
555.6	4.1887e-09
555.8	3.7526e-09
556.0	3.3619e-09
556.2	3.0118e-09
556.4	2.6982e-09
556.6	2.4173e-09
556.8	2.1656e-09
557.0	1.9401e-09
557.2	1.8487e-09
557.4	1.7758e-09
557.6	1.7057e-09
557.8	1.6385e-09
558.0	1.5738e-09
558.2	1.5117e-09
558.4	1.4521e-09
558.6	1.3948e-09
558.8	1.3398e-09
559.0	1.287e-09
559.2	1.3223e-09
559.4	1.3776e-09
559.6	1.4351e-09
559.8	1.495e-09
560.0	1.5575e-09
560.2	1.6225e-09
560.4	1.6903e-09
560.6	1.7609e-09
560.8	1.8344e-09
561.0	1.911e-09
561.2	2.0804e-09
561.4	2.2938e-09
561.6	2.5292e-09
561.8	2.7887e-09
562.0	3.0749e-09
562.2	3.3904e-09
562.4	3.7382e-09
562.6	4.1218e-09
562.8	4.5447e-09
563.0	5.0111e-09
563.2	5.1694e-09
563.4	5.1963e-09
563.6	5.2235e-09
563.8	5.2507e-09
564.0	5.2782e-09
564.2	5.3057e-09
564.4	5.3334e-09
564.6	5.3613e-09
564.8	5.3892e-09
565.0	5.4174e-09
565.2	4.3956e-09
565.4	3.547e-09
565.6	2.8622e-09
565.8	2.3096e-09
566.0	1.8638e-09
566.2	1.5039e-09
566.4	1.2136e-09
566.6	9.793e-10
566.8	7.9024e-10
567.0	6.3768e-10
567.2	7.9366e-10
567.4	1.0393e-09
567.6	1.361e-09
567.8	1.7823e-09
568.0	2.3339e-09
568.2	3.0563e-09
568.4	4.0023e-09
568.6	5.2411e-09
568.8	6.8634e-09
569.0	8.9877e-09
569.2	7.4629e-09
569.4	5.7e-09
569.6	4.3535e-09
569.8	3.3251e-09
570.0	2.5396e-09
570.2	1.9397e-09
570.4	1.4815e-09
570.6	1.1315e-09
570.8	8.6421e-10
571.0	6.6006e-10
571.2	7.4269e-10
571.4	9.2346e-10
571.6	1.1482e-09
571.8	1.4277e-09
572.0	1.7752e-09
572.2	2.2074e-09
572.4	2.7446e-09
572.6	3.4127e-09
572.8	4.2434e-09
573.0	5.2763e-09
573.2	5.9868e-09
573.4	6.5889e-09
573.6	7.2515e-09
573.8	7.9808e-09
574.0	8.7834e-09
574.2	9.6668e-09
574.4	1.0639e-08
574.6	1.1709e-08
574.8	1.2886e-08
575.0	1.4182e-08
575.2	1.5032e-08
575.4	1.5913e-08
575.6	1.6847e-08
575.8	1.7835e-08
576.0	1.8881e-08
576.2	1.9988e-08
576.4	2.1161e-08
576.6	2.2402e-08
576.8	2.3716e-08
577.0	2.5107e-08
577.2	2.6125e-08
577.4	2.7129e-08
577.6	2.8172e-08
577.8	2.9255e-08
578.0	3.0379e-08
578.2	3.1547e-08
578.4	3.276e-08
578.6	3.4019e-08
578.8	3.5327e-08
579.0	3.6685e-08
579.2	3.7114e-08
579.4	3.7375e-08
579.6	3.7639e-08
579.8	3.7904e-08
580.0	3.8171e-08
580.2	3.844e-08
580.4	3.8711e-08
580.6	3.8984e-08
580.8	3.9258e-08
581.0	3.9535e-08
581.2	4.0552e-08
581.4	4.1775e-08
581.6	4.3035e-08
581.8	4.4333e-08
582.0	4.5671e-08
582.2	4.7048e-08
582.4	4.8467e-08
582.6	4.9929e-08
582.8	5.1435e-08
583.0	5.2986e-08
583.2	5.2796e-08
583.4	5.2085e-08
583.6	5.1384e-08
583.8	5.0692e-08
584.0	5.0009e-08
584.2	4.9336e-08
584.4	4.8671e-08
584.6	4.8016e-08
584.8	4.7369e-08
585.0	4.6732e-08
585.2	4.7981e-08
585.4	4.9356e-08
585.6	5.0771e-08
585.8	5.2226e-08
586.0	5.3724e-08
586.2	5.5264e-08
586.4	5.6848e-08
586.6	5.8477e-08
586.8	6.0154e-08
587.0	6.1878e-08
587.2	6.3311e-08
587.4	6.4725e-08
587.6	6.6171e-08
587.8	6.765e-08
588.0	6.9161e-08
588.2	7.0706e-08
588.4	7.2285e-08
588.6	7.39e-08
588.8	7.5551e-08
589.0	7.7238e-08
589.2	7.6968e-08
589.4	7.6298e-08
589.6	7.5634e-08
589.8	7.4976e-08
590.0	7.4323e-08
590.2	7.3676e-08
590.4	7.3035e-08
590.6	7.2399e-08
590.8	7.1769e-08
591.0	7.1144e-08
591.2	7.1686e-08
591.4	7.2537e-08
591.6	7.3398e-08
591.8	7.4269e-08
592.0	7.5151e-08
592.2	7.6043e-08
592.4	7.6946e-08
592.6	7.7859e-08
592.8	7.8783e-08
593.0	7.9718e-08
593.2	8.0175e-08
593.4	8.048e-08
593.6	8.0786e-08
593.8	8.1093e-08
594.0	8.1402e-08
594.2	8.1711e-08
594.4	8.2022e-08
594.6	8.2334e-08
594.8	8.2647e-08
595.0	8.2961e-08
595.2	8.2663e-08
595.4	8.2334e-08
595.6	8.2007e-08
595.8	8.168e-08
596.0	8.1355e-08
596.2	8.1031e-08
596.4	8.0709e-08
596.6	8.0387e-08
596.8	8.0067e-08
597.0	7.9749e-08
597.2	7.9646e-08
597.4	7.9578e-08
597.6	7.951e-08
597.8	7.9442e-08
598.0	7.9374e-08
598.2	7.9306e-08
598.4	7.9239e-08
598.6	7.9171e-08
598.8	7.9104e-08
599.0	7.9036e-08
599.2	8.0229e-08
599.4	8.1705e-08
599.6	8.3208e-08
599.8	8.4738e-08
600.0	8.6297e-08
600.2	8.7884e-08
600.4	8.9501e-08
600.6	9.1147e-08
600.8	9.2823e-08
601.0	9.4531e-08
601.2	9.5524e-08
601.4	9.6339e-08
601.6	9.7162e-08
601.8	9.7992e-08
602.0	9.8829e-08
602.2	9.9673e-08
602.4	1.0052e-07
602.6	1.0138e-07
602.8	1.0225e-07
603.0	1.0312e-07
603.2	1.012e-07
603.4	9.854e-08
603.6	9.5946e-08
603.8	9.342e-08
604.0	9.0961e-08
604.2	8.8566e-08
604.4	8.6234e-08
604.6	8.3964e-08
604.8	8.1754e-08
605.0	7.9601e-08
605.2	7.6455e-08
605.4	7.338e-08
605.6	7.0429e-08
605.8	6.7597e-08
606.0	6.4878e-08
606.2	6.2269e-08
606.4	5.9765e-08
606.6	5.7361e-08
606.8	5.5054e-08
607.0	5.284e-08
607.2	5.4382e-08
607.4	5.653e-08
607.6	5.8763e-08
607.8	6.1084e-08
608.0	6.3496e-08
608.2	6.6004e-08
608.4	6.8611e-08
608.6	7.1321e-08
608.8	7.4138e-08
609.0	7.7066e-08
609.2	7.7205e-08
609.4	7.6823e-08
609.6	7.6442e-08
609.8	7.6063e-08
610.0	7.5686e-08
610.2	7.5311e-08
610.4	7.4938e-08
610.6	7.4567e-08
610.8	7.4197e-08
611.0	7.383e-08
611.2	7.4868e-08
611.4	7.6227e-08
611.6	7.7611e-08
611.8	7.902e-08
612.0	8.0454e-08
612.2	8.1914e-08
612.4	8.3401e-08
612.6	8.4915e-08
612.8	8.6456e-08
613.0	8.8026e-08
613.2	8.6702e-08
613.4	8.4716e-08
613.6	8.2775e-08
613.8	8.0878e-08
614.0	7.9025e-08
614.2	7.7215e-08
614.4	7.5446e-08
614.6	7.3717e-08
614.8	7.2029e-08
615.0	7.0378e-08
615.2	6.831e-08
615.4	6.6274e-08
615.6	6.43e-08
615.8	6.2383e-08
616.0	6.0524e-08
616.2	5.8721e-08
616.4	5.6971e-08
616.6	5.5273e-08
616.8	5.3626e-08
617.0	5.2028e-08
617.2	5.1832e-08
617.4	5.1869e-08
617.6	5.1906e-08
617.8	5.1943e-08
618.0	5.198e-08
618.2	5.2017e-08
618.4	5.2055e-08
618.6	5.2092e-08
618.8	5.2129e-08
619.0	5.2166e-08
619.2	5.2204e-08
619.4	5.2241e-08
619.6	5.2393e-08
619.8	5.2768e-08
620.0	5.3146e-08
620.2	5.3527e-08
620.4	5.3911e-08
620.6	5.4298e-08
620.8	5.4687e-08
621.0	5.5079e-08
621.2	5.5474e-08
621.4	5.5871e-08
621.6	5.6499e-08
621.8	5.7626e-08
622.0	5.8775e-08
622.2	5.9947e-08
622.4	6.1142e-08
622.6	6.2361e-08
622.8	6.3605e-08
623.0	6.4873e-08
623.2	6.6166e-08
623.4	6.7486e-08
623.6	6.8546e-08
623.8	6.8965e-08
624.0	6.9387e-08
624.2	6.9812e-08
624.4	7.024e-08
624.6	7.067e-08
624.8	7.1102e-08
625.0	7.1537e-08
625.2	7.1975e-08
625.4	7.2416e-08
625.6	7.2672e-08
625.8	7.2643e-08
626.0	7.2614e-08
626.2	7.2585e-08
626.4	7.2555e-08
626.6	7.2526e-08
626.8	7.2497e-08
627.0	7.2468e-08
627.2	7.2439e-08
627.4	7.2409e-08
627.6	7.238e-08
627.8	7.2351e-08
628.0	7.2322e-08
628.2	7.0575e-08
628.4	6.8417e-08
628.6	6.6325e-08
628.8	6.4298e-08
629.0	6.2332e-08
629.2	6.0426e-08
629.4	5.8579e-08
629.6	5.6788e-08
629.8	5.5052e-08
630.0	5.3369e-08
630.2	6.7783e-08
630.4	4.3372e-08
630.6	1.6647e-08
630.8	1.7623e-08
631.0	2.9083e-08
631.2	9.8705e-09
631.4	9.8832e-09
631.6	9.8814e-09
631.8	9.8862e-09
632.0	1.4442e-08
632.2	1.5505e-08
632.4	9.8643e-09
632.6	9.873e-09
632.8	9.8813e-09
633.0	9.8854e-09
633.2	1.6146e-08
633.4	3.9982e-08
633.6	4.1684e-08
633.8	9.8826e-09
634.0	9.8702e-09
634.2	3.1638e-08
634.4	5.5125e-08
634.6	1.7838e-08
634.8	9.8267e-09
635.0	9.8171e-09
635.2	1.0958e-08
635.4	3.9799e-08
635.6	3.623e-08
635.8	1.2731e-08
636.0	3.0623e-08
636.2	2.7322e-08
636.4	9.8809e-09
636.6	1.0242e-08
636.8	2.4652e-08
637.0	1.4513e-08
637.2	1.0313e-08
637.4	9.9169e-09
637.6	1.5318e-08
637.8	3.405e-08
638.0	5.9242e-08
638.2	1.4282e-08
638.4	2.3724e-08
638.6	1.4275e-08
638.8	9.9259e-09
639.0	9.9104e-09
639.2	1.3803e-08
639.4	7.2752e-08
639.6	1.6274e-08
639.8	9.8875e-09
640.0	9.8843e-09
640.2	1.7463e-08
640.4	3.6844e-08
640.6	4.7498e-08
640.8	1.1295e-08
641.0	6.1957e-08
641.2	5.3888e-08
641.4	2.3691e-08
641.6	2.7234e-08
641.8	2.6179e-08
642.0	1.0262e-08
642.2	1.7862e-08
642.4	4.9974e-08
642.6	3.0232e-08
642.8	1.1786e-08
643.0	1.3169e-08
643.2	1.6329e-08
643.4	9.6664e-09
643.6	9.6662e-09
643.8	9.6597e-09
644.0	1.5954e-08
644.2	1.5556e-08
644.4	9.6855e-09
644.6	9.6682e-09
644.8	9.735e-09
645.0	4.6166e-08
645.2	3.1732e-08
645.4	2.1052e-08
645.6	3.5134e-08
645.8	5.8068e-08
646.0	4.8257e-08
646.2	2.0064e-08
646.4	5.0674e-08
646.6	4.1871e-08
646.8	1.9912e-08
647.0	1.4686e-08
647.2	1.5417e-08
647.4	9.6596e-09
647.6	9.6475e-09
647.8	9.6272e-09
648.0	1.7166e-08
648.2	2.5929e-08
648.4	2.676e-08
648.6	3.128e-08
648.8	1.9803e-08
649.0	2.7334e-08
649.2	1.3326e-08
649.4	1.8776e-08
649.6	3.4522e-08
649.8	2.5347e-08
650.0	1.5936e-08
650.2	9.9369e-09
650.4	2.4009e-08
650.6	6.9868e-08
650.8	5.0377e-08
651.0	2.3201e-08
651.2	2.6795e-08
651.4	9.4211e-09
651.6	9.4142e-09
651.8	2.8556e-08
652.0	3.7698e-08
652.2	2.1662e-08
652.4	1.4374e-08
652.6	5.1325e-08
652.8	3.4087e-08
653.0	1.9607e-08
653.2	6.3678e-08
653.4	5.7273e-08
653.6	3.4361e-08
653.8	2.5773e-08
654.0	1.9787e-08
654.2	5.4436e-08
654.4	3.9397e-08
654.6	1.377e-08
654.8	2.0299e-08
655.0	2.4005e-08
655.2	1.2376e-08
655.4	4.4639e-08
655.6	3.9265e-08
655.8	4.6892e-08
656.0	7.7406e-08
656.2	8.6472e-08
656.4	7.9565e-08
656.6	8.3111e-08
656.8	6.0874e-08
657.0	7.3126e-08
657.2	3.777e-08
657.4	2.2517e-08
657.6	1.4831e-08
657.8	2.1131e-08
658.0	3.1704e-08
658.2	4.6118e-08
658.4	2.3126e-08
658.6	1.4385e-08
658.8	1.7362e-08
659.0	3.5853e-08
659.2	1.429e-08
659.4	1.4305e-08
659.6	8.5147e-08
659.8	1.027e-08
660.0	4.8083e-08
660.2	7.0918e-08
660.4	4.8733e-08
660.6	3.6166e-08
660.8	1.0285e-07
661.0	9.4816e-08
661.2	1.1308e-07
661.4	1.9323e-08
661.6	1.7117e-08
661.8	3.4195e-08
662.0	5.3389e-08
662.2	1.0044e-07
662.4	6.9343e-08
662.6	8.3313e-08
662.8	9.3973e-08
663.0	1.3155e-07
663.2	1.5606e-07
663.4	1.0172e-07
663.6	1.6321e-07
663.8	2.1294e-07
664.0	3.0122e-07
664.2	3.8415e-07
664.4	4.6999e-07
664.6	5.8209e-07
664.8	7.5151e-07
665.0	9.3695e-07
665.2	1.4418e-06
665.4	2.0887e-06
665.6	3.0583e-06
665.8	4.4797e-06
666.0	6.5001e-06
666.2	9.6219e-06
666.4	1.5096e-05
666.6	2.3722e-05
666.8	3.6396e-05
667.0	5.9602e-05
667.2	9.7212e-05
667.4	1.5967e-04
667.6	2.6988e-04
667.8	4.7863e-04
668.0	8.6989e-04
668.2	0.00167
668.4	0.00301
668.6	0.00573
668.8	0.01155
669.0	0.02467
669.2	0.05513
669.4	0.12722
669.6	0.24601
669.8	0.46142
670.0	0.67655
670.2	0.80005
670.4	0.85413
670.6	0.88704
670.8	0.91639
671.0	0.94453
671.2	0.96291
671.4	0.97221
671.6	0.97479
671.8	0.97398
672.0	0.97283
672.2	0.97392
672.4	0.97724
672.6	0.98213
672.8	0.98745
673.0	0.99274
673.2	0.99604
673.4	0.99755
673.6	0.99832
673.8	0.99752
674.0	0.99597
674.2	0.9939
674.4	0.99268
674.6	0.99355
674.8	0.99347
675.0	0.99534
675.2	0.99727
675.4	0.99885
675.6	0.999
675.8	0.999
676.0	0.999
676.2	0.999
676.4	0.99972
676.6	0.9985
676.8	0.99717
677.0	0.99541
677.2	0.99261
677.4	0.99107
677.6	0.98918
677.8	0.98802
678.0	0.98784
678.2	0.98818
678.4	0.98883
678.6	0.98991
678.8	0.99053
679.0	0.99164
679.2	0.99257
679.4	0.9931
679.6	0.99265
679.8	0.99274
680.0	0.99278
680.2	0.99214
680.4	0.99185
680.6	0.99062
680.8	0.99044
681.0	0.9897
681.2	0.99079
681.4	0.99069
681.6	0.99059
681.8	0.99093
682.0	0.99289
682.2	0.99374
682.4	0.99486
682.6	0.99704
682.8	0.99842
683.0	0.99945
683.2	0.999
683.4	0.999
683.6	0.999
683.8	0.999
684.0	0.999
684.2	0.999
684.4	0.999
684.6	0.999
684.8	0.999
685.0	0.9986
685.2	0.99736
685.4	0.99729
685.6	0.99618
685.8	0.99612
686.0	0.99572
686.2	0.99526
686.4	0.99555
686.6	0.99587
686.8	0.99662
687.0	0.99771
687.2	0.9985
687.4	0.99888
687.6	0.99962
687.8	0.999
688.0	0.999
688.2	0.999
688.4	0.999
688.6	0.999
688.8	0.999
689.0	0.999
689.2	0.99954
689.4	0.99879
689.6	0.99892
689.8	0.99798
690.0	0.99744
690.2	0.99703
690.4	0.99639
690.6	0.99582
690.8	0.99525
691.0	0.99403
691.2	0.99329
691.4	0.9914
691.6	0.98865
691.8	0.98615
692.0	0.98158
692.2	0.97697
692.4	0.97111
692.6	0.96476
692.8	0.95731
693.0	0.94872
693.2	0.9398
693.4	0.929
693.6	0.92
693.8	0.90923
694.0	0.89858
694.2	0.88786
694.4	0.87696
694.6	0.86655
694.8	0.85611
695.0	0.84711
695.2	0.83735
695.4	0.82667
695.6	0.81624
695.8	0.80473
696.0	0.79293
696.2	0.77999
696.4	0.76338
696.6	0.7458
696.8	0.72639
697.0	0.70432
697.2	0.68124
697.4	0.65628
697.6	0.63093
697.8	0.60524
698.0	0.58016
698.2	0.55638
698.4	0.53504
698.6	0.51698
698.8	0.50218
699.0	0.49127
699.2	0.48449
699.4	0.48102
699.6	0.48134
699.8	0.48291
700.0	0.48346
700.2	0.47634
700.4	0.45408
700.6	0.41276
700.8	0.35028
701.0	0.2776
701.2	0.20728
701.4	0.14871
701.6	0.10442
701.8	0.07282
702.0	0.05149
702.2	0.0361
702.4	0.02564
702.6	0.01847
702.8	0.01345
703.0	0.00992
703.2	0.00742
703.4	0.00582
703.6	0.00442
703.8	0.00342
704.0	0.00265
704.2	0.00206
704.4	0.00163
704.6	0.0013
704.8	9.7651e-04
705.0	7.8345e-04
705.2	6.3278e-04
705.4	5.1351e-04
705.6	4.1904e-04
705.8	3.4403e-04
706.0	2.8535e-04
706.2	2.4574e-04
706.4	2.0556e-04
706.6	1.7211e-04
706.8	1.4454e-04
707.0	1.2238e-04
707.2	1.0355e-04
707.4	8.6424e-05
707.6	7.3411e-05
707.8	6.2576e-05
708.0	5.3681e-05
708.2	4.6114e-05
708.4	3.9756e-05
708.6	3.4308e-05
708.8	2.9634e-05
709.0	2.5735e-05
709.2	2.2524e-05
709.4	1.9547e-05
709.6	1.7048e-05
709.8	1.4973e-05
710.0	1.3317e-05
710.2	1.187e-05
710.4	1.0258e-05
710.6	9.338e-06
710.8	8.2101e-06
711.0	7.2179e-06
711.2	6.3633e-06
711.4	5.7506e-06
711.6	5.2911e-06
711.8	4.5872e-06
712.0	4.0889e-06
712.2	3.6514e-06
712.4	3.4435e-06
712.6	2.9878e-06
712.8	2.5487e-06
713.0	2.3519e-06
713.2	2.2453e-06
713.4	2.0445e-06
713.6	1.8872e-06
713.8	1.6678e-06
714.0	1.5931e-06
714.2	1.5131e-06
714.4	1.2191e-06
714.6	1.1398e-06
714.8	1.0646e-06
715.0	9.4692e-07
715.2	7.4084e-07
715.4	7.028e-07
715.6	7.7928e-07
715.8	6.8189e-07
716.0	6.8343e-07
716.2	6.896e-07
716.4	6.0469e-07
716.6	4.5956e-07
716.8	5.4849e-07
717.0	4.4362e-07
717.2	4.0569e-07
717.4	3.8836e-07
717.6	3.8675e-07
717.8	4.3e-07
718.0	4.3332e-07
718.2	4.1117e-07
718.4	3.648e-07
718.6	2.0054e-07
718.8	1.9215e-07
719.0	2.516e-07
719.2	2.4043e-07
719.4	1.8464e-07
719.6	1.7645e-07
719.8	2.6293e-07
720.0	1.9624e-07
720.2	1.8956e-07
720.4	1.907e-07
720.6	2.3093e-07
720.8	2.391e-07
721.0	1.8738e-07
721.2	1.7453e-07
721.4	1.758e-07
721.6	1.9413e-07
721.8	9.4581e-08
722.0	1.3743e-07
722.2	1.5464e-07
722.4	1.1463e-07
722.6	1.5013e-07
722.8	1.8412e-07
723.0	7.626e-08
723.2	8.6023e-08
723.4	3.0745e-08
723.6	2.9636e-08
723.8	1.9848e-07
724.0	1.7269e-07
724.2	1.8774e-07
724.4	1.141e-07
724.6	7.2268e-08
724.8	7.4904e-08
725.0	1.0039e-07
725.2	1.0405e-07
725.4	1.3273e-08
725.6	4.8627e-08
725.8	1.1536e-07
726.0	1.4597e-07
726.2	1.0233e-07
726.4	7.0475e-08
726.6	9.1268e-08
726.8	1.516e-07
727.0	1.2354e-07
727.2	1.5362e-07
727.4	1.6543e-07
727.6	8.5293e-08
727.8	5.4405e-08
728.0	1.0996e-07
728.2	1.1886e-07
728.4	1.6026e-07
728.6	1.8243e-07
728.8	1.884e-07
729.0	1.3636e-07
729.2	9.1717e-08
729.4	1.7639e-07
729.6	1.0112e-07
729.8	6.636e-08
730.0	9.1733e-08
730.2	1.7451e-07
730.4	1.4972e-07
730.6	9.8254e-08
730.8	1.5394e-07
731.0	2.4526e-07
731.2	2.0747e-07
731.4	1.7308e-07
731.6	2.173e-07
731.8	2.3822e-07
732.0	1.4642e-07
732.2	1.4653e-07
732.4	2.4648e-07
732.6	2.8684e-07
732.8	2.7756e-07
733.0	3.3424e-07
733.2	4.0513e-07
733.4	3.1555e-07
733.6	2.8801e-07
733.8	4.1828e-07
734.0	5.1717e-07
734.2	5.5539e-07
734.4	5.9662e-07
734.6	6.0237e-07
734.8	6.285e-07
735.0	8.0097e-07
735.2	9.3542e-07
735.4	1.0963e-06
735.6	1.272e-06
735.8	1.4471e-06
736.0	1.7582e-06
736.2	2.0152e-06
736.4	2.2673e-06
736.6	2.54e-06
736.8	2.8462e-06
737.0	3.019e-06
737.2	2.989e-06
737.4	2.8102e-06
737.6	2.6961e-06
737.8	2.5213e-06
738.0	2.3029e-06
738.2	2.0369e-06
738.4	1.7477e-06
738.6	1.5182e-06
738.8	1.481e-06
739.0	1.2276e-06
739.2	9.9501e-07
739.4	9.1892e-07
739.6	8.6751e-07
739.8	7.5121e-07
740.0	5.8499e-07
740.2	5.3606e-07
740.4	5.433e-07
740.6	3.6741e-07
740.8	4.651e-07
741.0	3.3773e-07
741.2	4.8518e-07
741.4	2.9651e-07
741.6	3.2764e-07
741.8	3.9508e-07
742.0	2.0101e-07
742.2	2.0983e-07
742.4	3.4074e-07
742.6	2.5516e-07
742.8	2.7339e-07
743.0	2.3156e-07
743.2	2.5098e-07
743.4	2.9827e-07
743.6	3.1414e-07
743.8	2.8839e-07
744.0	2.6862e-07
744.2	2.1709e-07
744.4	2.2148e-07
744.6	2.1289e-07
744.8	2.5892e-07
745.0	2.5246e-07
745.2	1.8459e-07
745.4	2.5656e-07
745.6	1.9655e-07
745.8	2.6264e-07
746.0	2.187e-07
746.2	2.1264e-07
746.4	2.4056e-07
746.6	2.5973e-07
746.8	1.8029e-07
747.0	2.0362e-07
747.2	2.0297e-07
747.4	2.3646e-07
747.6	2.274e-07
747.8	2.1708e-07
748.0	2.5626e-07
748.2	2.7724e-07
748.4	2.625e-07
748.6	2.3594e-07
748.8	2.3008e-07
749.0	2.7447e-07
749.2	3.2952e-07
749.4	2.8512e-07
749.6	3.567e-07
749.8	3.9415e-07
750.0	4.2052e-07
750.2	4.7258e-07
750.4	5.1621e-07
750.6	4.7566e-07
750.8	3.129e-07
751.0	3.751e-07
751.2	4.6793e-07
751.4	5.4983e-07
751.6	5.9599e-07
751.8	5.8809e-07
752.0	5.4774e-07
752.2	6.0204e-07
752.4	6.7369e-07
752.6	8.2632e-07
752.8	8.9176e-07
753.0	1.0021e-06
753.2	1.1402e-06
753.4	1.1603e-06
753.6	1.1083e-06
753.8	1.2216e-06
754.0	1.3737e-06
754.2	1.3893e-06
754.4	1.4474e-06
754.6	1.6183e-06
754.8	1.7827e-06
755.0	1.7131e-06
755.2	1.7712e-06
755.4	1.8371e-06
755.6	1.8325e-06
755.8	1.7835e-06
756.0	1.744e-06
756.2	1.7122e-06
756.4	1.7039e-06
756.6	1.6086e-06
756.8	1.595e-06
757.0	1.6225e-06
757.2	1.6099e-06
757.4	1.5785e-06
757.6	1.4834e-06
757.8	1.4168e-06
758.0	1.3489e-06
758.2	1.3212e-06
758.4	1.3052e-06
758.6	1.2751e-06
758.8	1.2505e-06
759.0	1.1749e-06
759.2	1.3366e-06
759.4	1.254e-06
759.6	1.1869e-06
759.8	1.217e-06
760.0	1.2434e-06
760.2	1.2855e-06
760.4	1.2728e-06
760.6	1.2e-06
760.8	1.2043e-06
761.0	1.2147e-06
761.2	1.2166e-06
761.4	1.2716e-06
761.6	1.2527e-06
761.8	1.2549e-06
762.0	1.144e-06
762.2	1.2054e-06
762.4	1.3338e-06
762.6	1.3144e-06
762.8	1.2997e-06
763.0	1.4545e-06
763.2	1.3593e-06
763.4	1.5632e-06
763.6	1.6645e-06
763.8	1.6088e-06
764.0	1.5888e-06
764.2	1.7386e-06
764.4	1.8789e-06
764.6	1.9633e-06
764.8	2.0292e-06
765.0	2.0784e-06
765.2	2.1729e-06
765.4	2.3111e-06
765.6	2.4222e-06
765.8	2.6423e-06
766.0	2.624e-06
766.2	2.6987e-06
766.4	2.7613e-06
766.6	2.7868e-06
766.8	2.8832e-06
767.0	2.7972e-06
767.2	3.0427e-06
767.4	2.9117e-06
767.6	2.9222e-06
767.8	2.9297e-06
768.0	2.8514e-06
768.2	2.8603e-06
768.4	2.6885e-06
768.6	2.4545e-06
768.8	2.6603e-06
769.0	2.6065e-06
769.2	2.4074e-06
769.4	2.3531e-06
769.6	2.2471e-06
769.8	2.1178e-06
770.0	2.0958e-06
770.2	1.9107e-06
770.4	1.7337e-06
770.6	1.5993e-06
770.8	1.5057e-06
771.0	1.5848e-06
771.2	1.474e-06
771.4	1.4918e-06
771.6	1.4275e-06
771.8	1.4009e-06
772.0	1.4143e-06
772.2	1.3917e-06
772.4	1.3562e-06
772.6	1.221e-06
772.8	1.1642e-06
773.0	1.2442e-06
773.2	1.2997e-06
773.4	1.2116e-06
773.6	1.0334e-06
773.8	1.1397e-06
774.0	1.0885e-06
774.2	1.1596e-06
774.4	1.0406e-06
774.6	9.4357e-07
774.8	1.0042e-06
775.0	1.0859e-06
775.2	1.1118e-06
775.4	1.0167e-06
775.6	1.0595e-06
775.8	1.1189e-06
776.0	1.1305e-06
776.2	1.0785e-06
776.4	1.0272e-06
776.6	1.0859e-06
776.8	1.1339e-06
777.0	1.0375e-06
777.2	1.0429e-06
777.4	1.1432e-06
777.6	1.1824e-06
777.8	1.1572e-06
778.0	1.1218e-06
778.2	1.1479e-06
778.4	1.1623e-06
778.6	1.1841e-06
778.8	1.2264e-06
779.0	1.268e-06
779.2	1.2021e-06
779.4	1.2391e-06
779.6	1.2285e-06
779.8	1.2415e-06
780.0	1.2839e-06
780.2	1.3181e-06
780.4	1.3114e-06
780.6	1.2068e-06
780.8	1.2592e-06
781.0	1.2235e-06
781.2	1.2826e-06
781.4	1.3592e-06
781.6	1.2791e-06
781.8	1.2101e-06
782.0	1.2699e-06
782.2	1.2914e-06
782.4	1.1888e-06
782.6	1.2453e-06
782.8	1.3327e-06
783.0	1.1866e-06
783.2	1.0752e-06
783.4	1.1526e-06
783.6	1.208e-06
783.8	1.2561e-06
784.0	1.1957e-06
784.2	1.0764e-06
784.4	1.0819e-06
784.6	1.1579e-06
784.8	1.2326e-06
785.0	1.199e-06
785.2	1.1598e-06
785.4	1.1211e-06
785.6	1.0558e-06
785.8	1.1063e-06
786.0	1.1229e-06
786.2	1.0832e-06
786.4	1.134e-06
786.6	1.2216e-06
786.8	1.2659e-06
787.0	1.2199e-06
787.2	1.0596e-06
787.4	1.2267e-06
787.6	1.2714e-06
787.8	1.2846e-06
788.0	1.3299e-06
788.2	1.3993e-06
788.4	1.4906e-06
788.6	1.5365e-06
788.8	1.4172e-06
789.0	1.3631e-06
789.2	1.3881e-06
789.4	1.5372e-06
789.6	1.5515e-06
789.8	1.5646e-06
790.0	1.6221e-06
790.2	1.7253e-06
790.4	1.8336e-06
790.6	1.9176e-06
790.8	2.0054e-06
791.0	2.0303e-06
791.2	2.0527e-06
791.4	2.1096e-06
791.6	2.2061e-06
791.8	2.3066e-06
792.0	2.3778e-06
792.2	2.4513e-06
792.4	2.4503e-06
792.6	2.4474e-06
792.8	2.4907e-06
793.0	2.5827e-06
793.2	2.6779e-06
793.4	2.7684e-06
793.6	2.8619e-06
793.8	2.8078e-06
794.0	2.7517e-06
794.2	2.6784e-06
794.4	2.5896e-06
794.6	2.5058e-06
794.8	2.4895e-06
795.0	2.4732e-06
795.2	2.3974e-06
795.4	2.3206e-06
795.6	2.2544e-06
795.8	2.1989e-06
796.0	2.1448e-06
796.2	2.0693e-06
796.4	1.9963e-06
796.6	1.997e-06
796.8	2.0011e-06
797.0	1.9361e-06
797.2	1.8034e-06
797.4	1.6806e-06
797.6	1.7213e-06
797.8	1.7629e-06
798.0	1.6231e-06
798.2	1.4895e-06
798.4	1.407e-06
798.6	1.3687e-06
798.8	1.3298e-06
799.0	1.215e-06
799.2	1.1101e-06
799.4	1.1635e-06
799.6	1.2228e-06
799.8	1.2605e-06
800.0	1.2749e-06
800.2	1.2865e-06
800.4	1.2078e-06
800.6	1.1338e-06
800.8	1.1388e-06
801.0	1.1451e-06
801.2	1.1221e-06
801.4	1.0727e-06
801.6	1.0281e-06
801.8	1.0479e-06
802.0	1.0682e-06
802.2	1.1078e-06
802.4	1.1498e-06
802.6	1.1702e-06
802.8	1.166e-06
803.0	1.1615e-06
803.2	1.1264e-06
803.4	1.0923e-06
803.6	1.128e-06
803.8	1.1676e-06
804.0	1.1964e-06
804.2	1.2131e-06
804.4	1.2309e-06
804.6	1.2939e-06
804.8	1.3601e-06
805.0	1.3458e-06
805.2	1.3297e-06
805.4	1.3653e-06
805.6	1.457e-06
805.8	1.5528e-06
806.0	1.574e-06
806.2	1.5955e-06
806.4	1.6839e-06
806.6	1.7783e-06
806.8	1.8393e-06
807.0	1.8655e-06
807.2	1.8939e-06
807.4	1.9682e-06
807.6	2.0455e-06
807.8	2.1695e-06
808.0	2.3035e-06
808.2	2.3964e-06
808.4	2.4375e-06
808.6	2.4799e-06
808.8	2.6565e-06
809.0	2.8456e-06
809.2	2.9824e-06
809.4	3.1229e-06
809.6	3.2832e-06
809.8	3.4663e-06
810.0	3.6592e-06
810.2	3.8319e-06
810.4	4.0128e-06
810.6	4.0861e-06
810.8	4.1571e-06
811.0	4.2938e-06
811.2	4.5026e-06
811.4	4.723e-06
811.6	5.0163e-06
811.8	5.3278e-06
812.0	5.4309e-06
812.2	5.5314e-06
812.4	5.6481e-06
812.6	5.7816e-06
812.8	5.9153e-06
813.0	5.9686e-06
813.2	6.0224e-06
813.4	6.1897e-06
813.6	6.3639e-06
813.8	6.4068e-06
814.0	6.3209e-06
814.2	6.2359e-06
814.4	6.1497e-06
814.6	6.0647e-06
814.8	6.2167e-06
815.0	6.3855e-06
815.2	6.5582e-06
815.4	6.7349e-06
815.6	6.9152e-06
815.8	6.8531e-06
816.0	6.7915e-06
816.2	6.8488e-06
816.4	6.9123e-06
816.6	6.9909e-06
816.8	7.0864e-06
817.0	7.1833e-06
817.2	7.2965e-06
817.4	7.4114e-06
817.6	7.5818e-06
817.8	7.7584e-06
818.0	7.9636e-06
818.2	8.2006e-06
818.4	8.4479e-06
818.6	8.8708e-06
818.8	9.3148e-06
819.0	9.3653e-06
819.2	9.4034e-06
819.4	9.6134e-06
819.6	1.0007e-05
819.8	1.0419e-05
820.0	1.0951e-05
820.2	1.151e-05
820.4	1.1867e-05
820.6	1.2229e-05
820.8	1.254e-05
821.0	1.2795e-05
821.2	1.3056e-05
821.4	1.331e-05
821.6	1.3568e-05
821.8	1.3736e-05
822.0	1.3903e-05
822.2	1.3999e-05
822.4	1.4024e-05
822.6	1.4041e-05
822.8	1.3832e-05
823.0	1.3625e-05
823.2	1.3203e-05
823.4	1.2788e-05
823.6	1.2352e-05
823.8	1.1898e-05
824.0	1.1461e-05
824.2	1.1034e-05
824.4	1.0624e-05
824.6	9.8855e-06
824.8	9.1907e-06
825.0	8.717e-06
825.2	8.4311e-06
825.4	8.1513e-06
825.6	7.7914e-06
825.8	7.4474e-06
826.0	7.078e-06
826.2	6.7257e-06
826.4	6.3877e-06
826.6	6.0636e-06
826.8	5.7616e-06
827.0	5.6521e-06
827.2	5.5447e-06
827.4	5.2374e-06
827.6	4.9415e-06
827.8	4.7801e-06
828.0	4.7407e-06
828.2	4.7e-06
828.4	4.6025e-06
828.6	4.507e-06
828.8	4.4139e-06
829.0	4.3227e-06
829.2	4.1799e-06
829.4	3.9916e-06
829.6	3.8181e-06
829.8	3.8239e-06
830.0	3.8297e-06
830.2	3.7616e-06
830.4	3.6924e-06
830.6	3.6418e-06
830.8	3.609e-06
831.0	3.5756e-06
831.2	3.5099e-06
831.4	3.4454e-06
831.6	3.479e-06
831.8	3.5176e-06
832.0	3.6063e-06
832.2	3.7509e-06
832.4	3.8981e-06
832.6	3.891e-06
832.8	3.884e-06
833.0	3.9518e-06
833.2	4.0249e-06
833.4	4.1198e-06
833.6	4.2398e-06
833.8	4.3617e-06
834.0	4.3808e-06
834.2	4.3999e-06
834.4	4.4668e-06
834.6	4.5354e-06
834.8	4.654e-06
835.0	4.8233e-06
835.2	4.9985e-06
835.4	5.1725e-06
835.6	5.3525e-06
835.8	5.465e-06
836.0	5.5779e-06
836.2	5.69e-06
836.4	5.8012e-06
836.6	5.9179e-06
836.8	6.1323e-06
837.0	6.3545e-06
837.2	6.4747e-06
837.4	6.5932e-06
837.6	6.728e-06
837.8	6.8801e-06
838.0	7.0303e-06
838.2	7.0148e-06
838.4	6.9994e-06
838.6	7.118e-06
838.8	7.2452e-06
839.0	7.3112e-06
839.2	7.3117e-06
839.4	7.3116e-06
839.6	7.2827e-06
839.8	7.2538e-06
840.0	7.1612e-06
840.2	7.0661e-06
840.4	7.0223e-06
840.6	7.033e-06
840.8	7.0434e-06
841.0	7.0096e-06
841.2	6.9759e-06
841.4	6.856e-06
841.6	6.7356e-06
841.8	6.6362e-06
842.0	6.5567e-06
842.2	6.4777e-06
842.4	6.386e-06
842.6	6.2955e-06
842.8	6.1539e-06
843.0	6.0128e-06
843.2	5.9493e-06
843.4	5.9654e-06
843.6	5.9789e-06
843.8	5.8623e-06
844.0	5.748e-06
844.2	5.7638e-06
844.4	5.7823e-06
844.6	5.8226e-06
844.8	5.8837e-06
845.0	5.948e-06
845.2	6.061e-06
845.4	6.1761e-06
845.6	6.3128e-06
845.8	6.4533e-06
846.0	6.5399e-06
846.2	6.5679e-06
846.4	6.5943e-06
846.6	6.5537e-06
846.8	6.5134e-06
847.0	6.7088e-06
847.2	6.9259e-06
847.4	7.0597e-06
847.6	7.0956e-06
847.8	7.1356e-06
848.0	7.5798e-06
848.2	8.0517e-06
848.4	8.2724e-06
848.6	8.4888e-06
848.8	8.7151e-06
849.0	8.951e-06
849.2	9.193e-06
849.4	9.4394e-06
849.6	9.6923e-06
849.8	9.9241e-06
850.0	1.0147e-05
850.2	1.0375e-05
850.4	1.0608e-05
850.6	1.0847e-05
850.8	1.109e-05
851.0	1.134e-05
851.2	1.1487e-05
851.4	1.1445e-05
851.6	1.1403e-05
851.8	1.1361e-05
852.0	1.132e-05
852.2	1.1278e-05
852.4	1.1237e-05
852.6	1.1196e-05
852.8	1.1155e-05
853.0	1.1114e-05
853.2	1.0943e-05
853.4	1.0643e-05
853.6	1.0352e-05
853.8	1.0069e-05
854.0	9.7938e-06
854.2	9.5259e-06
854.4	9.2654e-06
854.6	9.012e-06
854.8	8.7655e-06
855.0	8.5258e-06
855.2	8.2697e-06
855.4	8.0086e-06
855.6	7.7557e-06
855.8	7.5109e-06
856.0	7.2737e-06
856.2	7.044e-06
856.4	6.8216e-06
856.6	6.6062e-06
856.8	6.3976e-06
857.0	6.1956e-06
857.2	6.0421e-06
857.4	5.9041e-06
857.6	5.7692e-06
857.8	5.6373e-06
858.0	5.5085e-06
858.2	5.3827e-06
858.4	5.2597e-06
858.6	5.1395e-06
858.8	5.0221e-06
859.0	4.9073e-06
859.2	4.7944e-06
859.4	4.684e-06
859.6	4.5762e-06
859.8	4.4708e-06
860.0	4.3679e-06
860.2	4.2674e-06
860.4	4.1691e-06
860.6	4.0731e-06
860.8	3.9794e-06
861.0	3.8878e-06
861.2	3.7834e-06
861.4	3.6507e-06
861.6	3.5226e-06
861.8	3.399e-06
862.0	3.2798e-06
862.2	3.1647e-06
862.4	3.0537e-06
862.6	2.9465e-06
862.8	2.8431e-06
863.0	2.7434e-06
863.2	2.628e-06
863.4	2.496e-06
863.6	2.3707e-06
863.8	2.2516e-06
864.0	2.1386e-06
864.2	2.0312e-06
864.4	1.9292e-06
864.6	1.8323e-06
864.8	1.7403e-06
865.0	1.6529e-06
865.2	1.5683e-06
865.4	1.487e-06
865.6	1.4099e-06
865.8	1.3368e-06
866.0	1.2675e-06
866.2	1.2018e-06
866.4	1.1395e-06
866.6	1.0804e-06
866.8	1.0244e-06
867.0	9.7129e-07
867.2	9.2399e-07
867.4	8.7994e-07
867.6	8.3798e-07
867.8	7.9803e-07
868.0	7.5998e-07
868.2	7.2375e-07
868.4	6.8925e-07
868.6	6.5639e-07
868.8	6.2509e-07
869.0	5.9529e-07
869.2	5.6846e-07
869.4	5.43e-07
869.6	5.1868e-07
869.8	4.9545e-07
870.0	4.7326e-07
870.2	4.5206e-07
870.4	4.3181e-07
870.6	4.1247e-07
870.8	3.9399e-07
871.0	3.7635e-07
871.2	3.6146e-07
871.4	3.5161e-07
871.6	3.4202e-07
871.8	3.327e-07
872.0	3.2364e-07
872.2	3.1482e-07
872.4	3.0624e-07
872.6	2.9789e-07
872.8	2.8977e-07
873.0	2.8188e-07
873.2	2.7666e-07
873.4	2.7453e-07
873.6	2.7241e-07
873.8	2.7031e-07
874.0	2.6822e-07
874.2	2.6615e-07
874.4	2.641e-07
874.6	2.6206e-07
874.8	2.6004e-07
875.0	2.5804e-07
875.2	2.5683e-07
875.4	2.5614e-07
875.6	2.5546e-07
875.8	2.5477e-07
876.0	2.5409e-07
876.2	2.5341e-07
876.4	2.5273e-07
876.6	2.5205e-07
876.8	2.5138e-07
877.0	2.507e-07
877.2	2.5381e-07
877.4	2.5817e-07
877.6	2.6261e-07
877.8	2.6712e-07
878.0	2.7171e-07
878.2	2.7638e-07
878.4	2.8113e-07
878.6	2.8596e-07
878.8	2.9088e-07
879.0	2.9588e-07
879.2	3.0158e-07
879.4	3.0745e-07
879.6	3.1343e-07
879.8	3.1952e-07
880.0	3.2574e-07
880.2	3.3207e-07
880.4	3.3853e-07
880.6	3.4511e-07
880.8	3.5183e-07
881.0	3.5867e-07
881.2	3.7081e-07
881.4	3.9524e-07
881.6	4.2127e-07
881.8	4.4902e-07
882.0	4.786e-07
882.2	5.1013e-07
882.4	5.4373e-07
882.6	5.7955e-07
882.8	6.1773e-07
883.0	6.5842e-07
883.2	7.1504e-07
883.4	7.9307e-07
883.6	8.7962e-07
883.8	9.7562e-07
884.0	1.0821e-06
884.2	1.2002e-06
884.4	1.3312e-06
884.6	1.4764e-06
884.8	1.6376e-06
885.0	1.8163e-06
885.2	1.9785e-06
885.4	2.1325e-06
885.6	2.2986e-06
885.8	2.4775e-06
886.0	2.6703e-06
886.2	2.8782e-06
886.4	3.1023e-06
886.6	3.3438e-06
886.8	3.6041e-06
887.0	3.8846e-06
887.2	3.6189e-06
887.4	3.2469e-06
887.6	2.9131e-06
887.8	2.6137e-06
888.0	2.345e-06
888.2	2.104e-06
888.4	1.8877e-06
888.6	1.6937e-06
888.8	1.5196e-06
889.0	1.3634e-06
889.2	1.2203e-06
889.4	1.0921e-06
889.6	9.7738e-07
889.8	8.7471e-07
890.0	7.8283e-07
890.2	7.006e-07
890.4	6.2701e-07
890.6	5.6115e-07
890.8	5.022e-07
891.0	4.4945e-07
891.2	4.0631e-07
891.4	3.7649e-07
891.6	3.4886e-07
891.8	3.2326e-07
892.0	2.9953e-07
892.2	2.7755e-07
892.4	2.5718e-07
892.6	2.3831e-07
892.8	2.2082e-07
893.0	2.0461e-07
893.2	1.9235e-07
893.4	1.8396e-07
893.6	1.7595e-07
893.8	1.6828e-07
894.0	1.6094e-07
894.2	1.5393e-07
894.4	1.4722e-07
894.6	1.4081e-07
894.8	1.3467e-07
895.0	1.288e-07
895.2	1.2489e-07
895.4	1.2213e-07
895.6	1.1942e-07
895.8	1.1678e-07
896.0	1.142e-07
896.2	1.1167e-07
896.4	1.092e-07
896.6	1.0678e-07
896.8	1.0441e-07
897.0	1.021e-07
897.2	9.9891e-08
897.4	9.7738e-08
897.6	9.5632e-08
897.8	9.3572e-08
898.0	9.1555e-08
898.2	8.9583e-08
898.4	8.7652e-08
898.6	8.5763e-08
898.8	8.3915e-08
899.0	8.2107e-08
899.2	8.1099e-08
899.4	8.0131e-08
899.6	7.9175e-08
899.8	7.823e-08
900.0	7.7296e-08
900.2	7.6374e-08
900.4	7.5462e-08
900.6	7.4561e-08
900.8	7.3671e-08
901.0	7.2792e-08
901.2	7.2468e-08
901.4	7.3523e-08
901.6	7.4594e-08
901.8	7.5681e-08
902.0	7.6783e-08
902.2	7.7901e-08
902.4	7.9036e-08
902.6	8.0187e-08
902.8	8.1355e-08
903.0	8.254e-08
903.2	8.3117e-08
903.4	8.2949e-08
903.6	8.2782e-08
903.8	8.2616e-08
904.0	8.2449e-08
904.2	8.2283e-08
904.4	8.2118e-08
904.6	8.1953e-08
904.8	8.1788e-08
905.0	8.1623e-08
905.2	8.3741e-08
905.4	8.732e-08
905.6	9.1051e-08
905.8	9.4943e-08
906.0	9.9e-08
906.2	1.0323e-07
906.4	1.0764e-07
906.6	1.1224e-07
906.8	1.1704e-07
907.0	1.2204e-07
907.2	1.2492e-07
907.4	1.273e-07
907.6	1.2973e-07
907.8	1.322e-07
908.0	1.3471e-07
908.2	1.3728e-07
908.4	1.3989e-07
908.6	1.4256e-07
908.8	1.4527e-07
909.0	1.4804e-07
909.2	1.5554e-07
909.4	1.635e-07
909.6	1.7187e-07
909.8	1.8066e-07
910.0	1.899e-07
910.2	1.9962e-07
910.4	2.0984e-07
910.6	2.2057e-07
910.8	2.3186e-07
911.0	2.4372e-07
911.2	2.5786e-07
911.4	2.7817e-07
911.6	3.0007e-07
911.8	3.237e-07
912.0	3.492e-07
912.2	3.767e-07
912.4	4.0636e-07
912.6	4.3836e-07
912.8	4.7289e-07
913.0	5.1013e-07
913.2	5.5855e-07
913.4	6.24e-07
913.6	6.9712e-07
913.8	7.7881e-07
914.0	8.7007e-07
914.2	9.7203e-07
914.4	1.0859e-06
914.6	1.2132e-06
914.8	1.3553e-06
915.0	1.5142e-06
915.2	1.6836e-06
915.4	1.8663e-06
915.6	2.0688e-06
915.8	2.2933e-06
916.0	2.5422e-06
916.2	2.8181e-06
916.4	3.1239e-06
916.6	3.4629e-06
916.8	3.8386e-06
917.0	4.2552e-06
917.2	4.2397e-06
917.4	4.1062e-06
917.6	3.9769e-06
917.8	3.8517e-06
918.0	3.7304e-06
918.2	3.613e-06
918.4	3.4992e-06
918.6	3.389e-06
918.8	3.2823e-06
919.0	3.179e-06
919.2	2.904e-06
919.4	2.6497e-06
919.6	2.4176e-06
919.8	2.2059e-06
920.0	2.0127e-06
920.2	1.8364e-06
920.4	1.6756e-06
920.6	1.5288e-06
920.8	1.3949e-06
921.0	1.2727e-06
921.2	1.1752e-06
921.4	1.1235e-06
921.6	1.0741e-06
921.8	1.0268e-06
922.0	9.8164e-07
922.2	9.3846e-07
922.4	8.9717e-07
922.6	8.5771e-07
922.8	8.1998e-07
923.0	7.8391e-07
923.2	7.5501e-07
923.4	7.3407e-07
923.6	7.1372e-07
923.8	6.9393e-07
924.0	6.7469e-07
924.2	6.5598e-07
924.4	6.3779e-07
924.6	6.2011e-07
924.8	6.0291e-07
925.0	5.862e-07
925.2	5.7725e-07
925.4	5.7271e-07
925.6	5.6821e-07
925.8	5.6374e-07
926.0	5.593e-07
926.2	5.549e-07
926.4	5.5054e-07
926.6	5.4621e-07
926.8	5.4191e-07
927.0	5.3765e-07
927.2	5.4063e-07
927.4	5.4522e-07
927.6	5.4986e-07
927.8	5.5453e-07
928.0	5.5924e-07
928.2	5.64e-07
928.4	5.6879e-07
928.6	5.7363e-07
928.8	5.785e-07
929.0	5.8344e-07
929.2	5.8984e-07
929.4	5.9631e-07
929.6	6.0285e-07
929.8	6.0946e-07
930.0	6.1615e-07
930.2	6.2291e-07
930.4	6.2974e-07
930.6	6.3665e-07
930.8	6.4363e-07
931.0	6.5069e-07
931.2	6.6182e-07
931.4	6.8656e-07
931.6	7.1223e-07
931.8	7.3886e-07
932.0	7.6648e-07
932.2	7.9513e-07
932.4	8.2485e-07
932.6	8.5569e-07
932.8	8.8767e-07
933.0	9.2086e-07
933.2	9.5796e-07
933.4	1.0003e-06
933.6	1.0444e-06
933.8	1.0905e-06
934.0	1.1387e-06
934.2	1.189e-06
934.4	1.2415e-06
934.6	1.2963e-06
934.8	1.3536e-06
935.0	1.4133e-06
935.2	1.4875e-06
935.4	1.5731e-06
935.6	1.6636e-06
935.8	1.7594e-06
936.0	1.8606e-06
936.2	1.9677e-06
936.4	2.0809e-06
936.6	2.2006e-06
936.8	2.3273e-06
937.0	2.4612e-06
937.2	2.6208e-06
937.4	2.795e-06
937.6	2.9807e-06
937.8	3.1787e-06
938.0	3.39e-06
938.2	3.6152e-06
938.4	3.8554e-06
938.6	4.1116e-06
938.8	4.3848e-06
939.0	4.6757e-06
939.2	4.9694e-06
939.4	5.2815e-06
939.6	5.6133e-06
939.8	5.9659e-06
940.0	6.3406e-06
940.2	6.7389e-06
940.4	7.1621e-06
940.6	7.612e-06
940.8	8.0901e-06
941.0	8.5983e-06
941.2	9.1225e-06
941.4	9.6193e-06
941.6	1.0143e-05
941.8	1.0696e-05
942.0	1.1278e-05
942.2	1.1892e-05
942.4	1.254e-05
942.6	1.3223e-05
942.8	1.3943e-05
943.0	1.4702e-05
943.2	1.5321e-05
943.4	1.5709e-05
943.6	1.6106e-05
943.8	1.6513e-05
944.0	1.693e-05
944.2	1.7358e-05
944.4	1.7797e-05
944.6	1.8247e-05
944.8	1.8708e-05
945.0	1.9181e-05
945.2	1.9496e-05
945.4	1.9712e-05
945.6	1.993e-05
945.8	2.015e-05
946.0	2.0373e-05
946.2	2.0599e-05
946.4	2.0827e-05
946.6	2.1057e-05
946.8	2.129e-05
947.0	2.1525e-05
947.2	2.1453e-05
947.4	2.1316e-05
947.6	2.118e-05
947.8	2.1045e-05
948.0	2.091e-05
948.2	2.0777e-05
948.4	2.0644e-05
948.6	2.0512e-05
948.8	2.0381e-05
949.0	2.0224e-05
949.2	1.9349e-05
949.4	1.8512e-05
949.6	1.7711e-05
949.8	1.6944e-05
950.0	1.6211e-05
950.2	1.5509e-05
950.4	1.4838e-05
950.6	1.4196e-05
950.8	1.3582e-05
951.0	1.2994e-05
951.2	1.2428e-05
951.4	1.1873e-05
951.6	1.1343e-05
951.8	1.0836e-05
952.0	1.0352e-05
952.2	9.8901e-06
952.4	9.4484e-06
952.6	9.0265e-06
952.8	8.6234e-06
953.0	8.2382e-06
953.2	7.8371e-06
953.4	7.4083e-06
953.6	7.003e-06
953.8	6.6199e-06
954.0	6.2577e-06
954.2	5.9153e-06
954.4	5.5917e-06
954.6	5.2858e-06
954.8	4.9966e-06
955.0	4.7232e-06
955.2	4.4873e-06
955.4	4.277e-06
955.6	4.0765e-06
955.8	3.8855e-06
956.0	3.7034e-06
956.2	3.5298e-06
956.4	3.3643e-06
956.6	3.2066e-06
956.8	3.0563e-06
957.0	2.9131e-06
957.2	2.8032e-06
957.4	2.703e-06
957.6	2.6065e-06
957.8	2.5134e-06
958.0	2.4236e-06
958.2	2.337e-06
958.4	2.2535e-06
958.6	2.173e-06
958.8	2.0954e-06
959.0	2.0208e-06
959.2	1.9547e-06
959.4	1.8907e-06
959.6	1.8289e-06
959.8	1.769e-06
960.0	1.7112e-06
960.2	1.6552e-06
960.4	1.6011e-06
960.6	1.5487e-06
960.8	1.498e-06
961.0	1.449e-06
961.2	1.4104e-06
961.4	1.4056e-06
961.6	1.4007e-06
961.8	1.3959e-06
962.0	1.3911e-06
962.2	1.3863e-06
962.4	1.3815e-06
962.6	1.3768e-06
962.8	1.372e-06
963.0	1.3673e-06
963.2	1.3597e-06
963.4	1.3484e-06
963.6	1.3372e-06
963.8	1.326e-06
964.0	1.315e-06
964.2	1.304e-06
964.4	1.2932e-06
964.6	1.2824e-06
964.8	1.2717e-06
965.0	1.2611e-06
965.2	1.2605e-06
965.4	1.2656e-06
965.6	1.2706e-06
965.8	1.2757e-06
966.0	1.2808e-06
966.2	1.2859e-06
966.4	1.2911e-06
966.6	1.2963e-06
966.8	1.3014e-06
967.0	1.3066e-06
967.2	1.3153e-06
967.4	1.3247e-06
967.6	1.334e-06
967.8	1.3435e-06
968.0	1.353e-06
968.2	1.3626e-06
968.4	1.3723e-06
968.6	1.382e-06
968.8	1.3918e-06
969.0	1.4023e-06
969.2	1.4199e-06
969.4	1.4377e-06
969.6	1.4557e-06
969.8	1.4739e-06
970.0	1.4924e-06
970.2	1.5111e-06
970.4	1.53e-06
970.6	1.5492e-06
970.8	1.5686e-06
971.0	1.5883e-06
971.2	1.6135e-06
971.4	1.6681e-06
971.6	1.7245e-06
971.8	1.7827e-06
972.0	1.843e-06
972.2	1.9053e-06
972.4	1.9697e-06
972.6	2.0363e-06
972.8	2.1051e-06
973.0	2.1762e-06
973.2	2.2488e-06
973.4	2.3222e-06
973.6	2.398e-06
973.8	2.4762e-06
974.0	2.557e-06
974.2	2.6404e-06
974.4	2.7266e-06
974.6	2.8155e-06
974.8	2.9074e-06
975.0	3.0023e-06
975.2	3.1065e-06
975.4	3.2187e-06
975.6	3.3349e-06
975.8	3.4553e-06
976.0	3.5801e-06
976.2	3.7094e-06
976.4	3.8433e-06
976.6	3.9821e-06
976.8	4.1259e-06
977.0	4.2748e-06
977.2	4.4383e-06
977.4	4.6099e-06
977.6	4.7882e-06
977.8	4.9734e-06
978.0	5.1657e-06
978.2	5.3654e-06
978.4	5.5729e-06
978.6	5.7884e-06
978.8	6.0123e-06
979.0	6.2397e-06
979.2	6.3947e-06
979.4	6.5536e-06
979.6	6.7164e-06
979.8	6.8832e-06
980.0	7.0542e-06
980.2	7.2294e-06
980.4	7.409e-06
980.6	7.593e-06
980.8	7.7817e-06
981.0	7.975e-06
981.2	8.1783e-06
981.4	8.4165e-06
981.6	8.6616e-06
981.8	8.9139e-06
982.0	9.1735e-06
982.2	9.4406e-06
982.4	9.7156e-06
982.6	9.9985e-06
982.8	1.029e-05
983.0	1.0589e-05
983.2	1.0835e-05
983.4	1.0984e-05
983.6	1.1136e-05
983.8	1.1289e-05
984.0	1.1445e-05
984.2	1.1603e-05
984.4	1.1763e-05
984.6	1.1925e-05
984.8	1.209e-05
985.0	1.2256e-05
985.2	1.2383e-05
985.4	1.2485e-05
985.6	1.2588e-05
985.8	1.2691e-05
986.0	1.2795e-05
986.2	1.29e-05
986.4	1.3006e-05
986.6	1.3113e-05
986.8	1.3221e-05
987.0	1.333e-05
987.2	1.3416e-05
987.4	1.3499e-05
987.6	1.3583e-05
987.8	1.3667e-05
988.0	1.3752e-05
988.2	1.3837e-05
988.4	1.3922e-05
988.6	1.4009e-05
988.8	1.4095e-05
989.0	1.4167e-05
989.2	1.407e-05
989.4	1.3974e-05
989.6	1.3879e-05
989.8	1.3784e-05
990.0	1.369e-05
990.2	1.3597e-05
990.4	1.3504e-05
990.6	1.3412e-05
990.8	1.332e-05
991.0	1.3229e-05
991.2	1.3143e-05
991.4	1.3082e-05
991.6	1.3021e-05
991.8	1.296e-05
992.0	1.29e-05
992.2	1.284e-05
992.4	1.278e-05
992.6	1.272e-05
992.8	1.2661e-05
993.0	1.2602e-05
993.2	1.2439e-05
993.4	1.21e-05
993.6	1.177e-05
993.8	1.1449e-05
994.0	1.1138e-05
994.2	1.0834e-05
994.4	1.0539e-05
994.6	1.0252e-05
994.8	9.9725e-06
995.0	9.7008e-06
995.2	9.4365e-06
995.4	9.1794e-06
995.6	8.9293e-06
995.8	8.6837e-06
996.0	8.4446e-06
996.2	8.212e-06
996.4	7.9859e-06
996.6	7.7659e-06
996.8	7.5521e-06
997.0	7.3441e-06
997.2	7.1419e-06
997.4	6.9452e-06
997.6	6.7539e-06
997.8	6.5675e-06
998.0	6.3862e-06
998.2	6.21e-06
998.4	6.0386e-06
998.6	5.872e-06
998.8	5.7099e-06
999.0	5.5523e-06
999.2	5.3991e-06
999.4	5.2501e-06
999.6	5.114e-06
999.8	4.9969e-06
1000.0	4.8824e-06
1000.2	4.7705e-06
1000.4	4.6612e-06
1000.6	4.5544e-06
1000.8	4.4501e-06
1001.0	4.3481e-06
1001.2	4.2485e-06
1001.4	4.1511e-06
1001.6	4.056e-06
1001.8	3.9631e-06
1002.0	3.8723e-06
1002.2	3.8185e-06
1002.4	3.7702e-06
1002.6	3.7225e-06
1002.8	3.6754e-06
1003.0	3.6289e-06
1003.2	3.583e-06
1003.4	3.5377e-06
1003.6	3.4929e-06
1003.8	3.4487e-06
1004.0	3.4062e-06
1004.2	3.372e-06
1004.4	3.3381e-06
1004.6	3.3045e-06
1004.8	3.2713e-06
1005.0	3.2384e-06
1005.2	3.2059e-06
1005.4	3.1737e-06
1005.6	3.1708e-06
1005.8	3.1911e-06
1006.0	3.2114e-06
1006.2	3.2319e-06
1006.4	3.2525e-06
1006.6	3.2732e-06
1006.8	3.2941e-06
1007.0	3.3151e-06
1007.2	3.3362e-06
1007.4	3.3575e-06
1007.6	3.3789e-06
1007.8	3.4005e-06
1008.0	3.4221e-06
1008.2	3.444e-06
1008.4	3.4659e-06
1008.6	3.488e-06
1008.8	3.5103e-06
1009.0	3.5326e-06
1009.2	3.5552e-06
1009.4	3.5785e-06
1009.6	3.6453e-06
1009.8	3.7134e-06
1010.0	3.7828e-06
1010.2	3.8535e-06
1010.4	3.9255e-06
1010.6	3.9988e-06
1010.8	4.0735e-06
1011.0	4.1496e-06
1011.2	4.2272e-06
1011.4	4.3061e-06
1011.6	4.3866e-06
1011.8	4.4686e-06
1012.0	4.552e-06
1012.2	4.6371e-06
1012.4	4.7237e-06
1012.6	4.812e-06
1012.8	4.9019e-06
1013.0	4.9935e-06
1013.2	5.0868e-06
1013.4	5.1676e-06
1013.6	5.2344e-06
1013.8	5.3021e-06
1014.0	5.3706e-06
1014.2	5.44e-06
1014.4	5.5104e-06
1014.6	5.5816e-06
1014.8	5.6538e-06
1015.0	5.7269e-06
1015.2	5.8009e-06
1015.4	5.8759e-06
1015.6	5.9519e-06
1015.8	6.0288e-06
1016.0	6.1068e-06
1016.2	6.1857e-06
1016.4	6.2657e-06
1016.6	6.3467e-06
1016.8	6.4288e-06
1017.0	6.5119e-06
1017.2	6.5961e-06
1017.4	6.4919e-06
1017.6	6.3827e-06
1017.8	6.2754e-06
1018.0	6.1698e-06
1018.2	6.0661e-06
1018.4	5.964e-06
1018.6	5.8637e-06
1018.8	5.7651e-06
1019.0	5.6681e-06
1019.2	5.5728e-06
1019.4	5.4791e-06
1019.6	5.3869e-06
1019.8	5.2963e-06
1020.0	5.2072e-06
1020.2	5.1197e-06
1020.4	5.0336e-06
1020.6	4.9489e-06
1020.8	4.8657e-06
1021.0	4.7838e-06
1021.2	4.6475e-06
1021.4	4.4508e-06
1021.6	4.2624e-06
1021.8	4.082e-06
1022.0	3.9093e-06
1022.2	3.7438e-06
1022.4	3.5854e-06
1022.6	3.4336e-06
1022.8	3.2883e-06
1023.0	3.1491e-06
1023.2	3.0159e-06
1023.4	2.8882e-06
1023.6	2.766e-06
1023.8	2.6489e-06
1024.0	2.5368e-06
1024.2	2.4295e-06
1024.4	2.3266e-06
1024.6	2.2282e-06
1024.8	2.1339e-06
1025.0	2.0436e-06
1025.2	2.0497e-06
1025.4	2.0559e-06
1025.6	2.0622e-06
1025.8	2.0684e-06
1026.0	2.0746e-06
1026.2	2.0809e-06
1026.4	2.0872e-06
1026.6	2.0935e-06
1026.8	2.065e-06
1027.0	2.0275e-06
1027.2	1.9907e-06
1027.4	1.9546e-06
1027.6	1.9192e-06
1027.8	1.8844e-06
1028.0	1.8502e-06
1028.2	1.8166e-06
1028.4	1.7837e-06
1028.6	1.7513e-06
1028.8	1.7195e-06
1029.0	1.6883e-06
1029.2	1.6577e-06
1029.4	1.6276e-06
1029.6	1.5981e-06
1029.8	1.5691e-06
1030.0	1.5407e-06
1030.2	1.5127e-06
1030.4	1.4853e-06
1030.6	1.4656e-06
1030.8	1.466e-06
1031.0	1.4664e-06
1031.2	1.4667e-06
1031.4	1.4671e-06
1031.6	1.4674e-06
1031.8	1.4678e-06
1032.0	1.4682e-06
1032.2	1.4685e-06
1032.4	1.4689e-06
1032.6	1.4692e-06
1032.8	1.4696e-06
1033.0	1.47e-06
1033.2	1.4703e-06
1033.4	1.4707e-06
1033.6	1.471e-06
1033.8	1.4714e-06
1034.0	1.4718e-06
1034.2	1.4721e-06
1034.4	1.4725e-06
1034.6	1.4914e-06
1034.8	1.5165e-06
1035.0	1.5419e-06
1035.2	1.5678e-06
1035.4	1.5941e-06
1035.6	1.6208e-06
1035.8	1.648e-06
1036.0	1.6756e-06
1036.2	1.7037e-06
1036.4	1.7323e-06
1036.6	1.7614e-06
1036.8	1.7909e-06
1037.0	1.821e-06
1037.2	1.8515e-06
1037.4	1.8826e-06
1037.6	1.9141e-06
1037.8	1.9463e-06
1038.0	1.9789e-06
1038.2	2.0121e-06
1038.4	2.0528e-06
1038.6	2.1138e-06
1038.8	2.1765e-06
1039.0	2.2411e-06
1039.2	2.3076e-06
1039.4	2.3761e-06
1039.6	2.4466e-06
1039.8	2.5193e-06
1040.0	2.594e-06
1040.2	2.671e-06
1040.4	2.7503e-06
1040.6	2.8319e-06
1040.8	2.916e-06
1041.0	3.0026e-06
1041.2	3.0917e-06
1041.4	3.1834e-06
1041.6	3.2779e-06
1041.8	3.3752e-06
1042.0	3.4754e-06
1042.2	3.5786e-06
1042.4	3.6613e-06
1042.6	3.7394e-06
1042.8	3.8192e-06
1043.0	3.9007e-06
1043.2	3.984e-06
1043.4	4.069e-06
1043.6	4.1558e-06
1043.8	4.2445e-06
1044.0	4.335e-06
1044.2	4.4275e-06
1044.4	4.522e-06
1044.6	4.6185e-06
1044.8	4.717e-06
1045.0	4.8177e-06
1045.2	4.9778e-06
1045.4	5.1433e-06
1045.6	5.3142e-06
1045.8	5.4908e-06
1046.0	5.6733e-06
1046.2	5.8619e-06
1046.4	6.0567e-06
1046.6	6.258e-06
1046.8	6.342e-06
1047.0	6.322e-06
1047.2	6.3021e-06
1047.4	6.2822e-06
1047.6	6.2624e-06
1047.8	6.2427e-06
1048.0	6.223e-06
1048.2	6.2034e-06
1048.4	6.1838e-06
1048.6	6.1644e-06
1048.8	6.1449e-06
1049.0	6.1256e-06
1049.2	6.1062e-06
1049.4	6.087e-06
1049.6	6.0678e-06
1049.8	6.0487e-06
1050.0	6.0296e-06
1050.2	6.0106e-06
1050.4	5.9917e-06
1050.6	5.9662e-06
1050.8	5.8295e-06
1051.0	5.6959e-06
1051.2	5.5654e-06
1051.4	5.4378e-06
1051.6	5.3132e-06
1051.8	5.1915e-06
1052.0	5.0725e-06
1052.2	4.9563e-06
1052.4	4.8427e-06
1052.6	4.7317e-06
1052.8	4.6233e-06
1053.0	4.5173e-06
1053.2	4.4138e-06
1053.4	4.3127e-06
1053.6	4.2138e-06
1053.8	4.1173e-06
1054.0	4.0229e-06
1054.2	3.9307e-06
1054.4	3.8407e-06
1054.6	3.7614e-06
1054.8	3.6903e-06
1055.0	3.6204e-06
1055.2	3.5519e-06
1055.4	3.4847e-06
1055.6	3.4187e-06
1055.8	3.354e-06
1056.0	3.2906e-06
1056.2	3.2283e-06
1056.4	3.1672e-06
1056.6	3.1072e-06
1056.8	3.0484e-06
1057.0	2.9907e-06
1057.2	2.9341e-06
1057.4	2.8786e-06
1057.6	2.8241e-06
1057.8	2.7707e-06
1058.0	2.7183e-06
1058.2	2.6668e-06
1058.4	2.6202e-06
1058.6	2.6051e-06
1058.8	2.5901e-06
1059.0	2.5752e-06
1059.2	2.5604e-06
1059.4	2.5456e-06
1059.6	2.531e-06
1059.8	2.5164e-06
1060.0	2.5019e-06
1060.2	2.4875e-06
1060.4	2.4732e-06
1060.6	2.459e-06
1060.8	2.4448e-06
1061.0	2.4308e-06
1061.2	2.4168e-06
1061.4	2.4029e-06
1061.6	2.389e-06
1061.8	2.3753e-06
1062.0	2.3616e-06
1062.2	2.348e-06
1062.4	2.3493e-06
1062.6	2.3584e-06
1062.8	2.3676e-06
1063.0	2.3767e-06
1063.2	2.3859e-06
1063.4	2.3952e-06
1063.6	2.4045e-06
1063.8	2.4138e-06
1064.0	2.4232e-06
1064.2	2.4326e-06
1064.4	2.442e-06
1064.6	2.4514e-06
1064.8	2.4609e-06
1065.0	2.4705e-06
1065.2	2.5245e-06
1065.4	2.5796e-06
1065.6	2.636e-06
1065.8	2.6936e-06
1066.0	2.7525e-06
1066.2	2.8126e-06
1066.4	2.8741e-06
1066.6	2.9369e-06
1066.8	3.0059e-06
1067.0	3.0892e-06
1067.2	3.1747e-06
1067.4	3.2627e-06
1067.6	3.3531e-06
1067.8	3.446e-06
1068.0	3.5414e-06
1068.2	3.6396e-06
1068.4	3.7404e-06
1068.6	3.844e-06
1068.8	3.9505e-06
1069.0	4.0599e-06
1069.2	4.1724e-06
1069.4	4.288e-06
1069.6	4.4068e-06
1069.8	4.5289e-06
1070.0	4.6543e-06
1070.2	4.7833e-06
1070.4	4.9158e-06
1070.6	5.052e-06
1070.8	5.2442e-06
1071.0	5.4557e-06
1071.2	5.6758e-06
1071.4	5.9047e-06
1071.6	6.1429e-06
1071.8	6.3906e-06
1072.0	6.6484e-06
1072.2	6.9165e-06
1072.4	7.1955e-06
1072.6	7.4857e-06
1072.8	7.7877e-06
1073.0	8.1018e-06
1073.2	8.4286e-06
1073.4	8.7685e-06
1073.6	9.1222e-06
1073.8	9.4901e-06
1074.0	9.8729e-06
1074.2	1.0271e-05
1074.4	1.0685e-05
1074.6	1.1085e-05
1074.8	1.1444e-05
1075.0	1.1815e-05
1075.2	1.2199e-05
1075.4	1.2594e-05
1075.6	1.3003e-05
1075.8	1.3425e-05
1076.0	1.386e-05
1076.2	1.431e-05
1076.4	1.4774e-05
1076.6	1.5253e-05
1076.8	1.5748e-05
1077.0	1.6259e-05
1077.2	1.6786e-05
1077.4	1.7331e-05
1077.6	1.7893e-05
1077.8	1.8473e-05
1078.0	1.9072e-05
1078.2	1.9691e-05
1078.4	2.033e-05
1078.6	2.0355e-05
1078.8	2.034e-05
1079.0	2.0325e-05
1079.2	2.031e-05
1079.4	2.0295e-05
1079.6	2.028e-05
1079.8	2.0265e-05
1080.0	2.0251e-05
1080.2	2.0236e-05
1080.4	2.0221e-05
1080.6	2.0206e-05
1080.8	2.0191e-05
1081.0	2.0177e-05
1081.2	2.0162e-05
1081.4	2.0147e-05
1081.6	2.0132e-05
1081.8	2.0118e-05
1082.0	2.0103e-05
1082.2	2.0088e-05
1082.4	1.9848e-05
1082.6	1.9404e-05
1082.8	1.8969e-05
1083.0	1.8545e-05
1083.2	1.813e-05
1083.4	1.7724e-05
1083.6	1.7327e-05
1083.8	1.6939e-05
1084.0	1.656e-05
1084.2	1.6189e-05
1084.4	1.5827e-05
1084.6	1.5472e-05
1084.8	1.5126e-05
1085.0	1.4787e-05
1085.2	1.4456e-05
1085.4	1.4133e-05
1085.6	1.3816e-05
1085.8	1.3507e-05
1086.0	1.3205e-05
1086.2	1.2907e-05
1086.4	1.2595e-05
1086.6	1.2291e-05
1086.8	1.1994e-05
1087.0	1.1704e-05
1087.2	1.1422e-05
1087.4	1.1146e-05
1087.6	1.0876e-05
1087.8	1.0614e-05
1088.0	1.0357e-05
1088.2	1.0107e-05
1088.4	9.863e-06
1088.6	9.6248e-06
1088.8	9.3923e-06
1089.0	9.1655e-06
1089.2	8.9441e-06
1089.4	8.728e-06
1089.6	8.5172e-06
1089.8	8.3115e-06
1090.0	8.1107e-06
1090.2	8.1871e-06
1090.4	8.2641e-06
1090.6	8.3418e-06
1090.8	8.4203e-06
1091.0	8.4996e-06
1091.2	8.5795e-06
1091.4	8.6603e-06
1091.6	8.7418e-06
1091.8	8.824e-06
1092.0	8.8274e-06
1092.2	8.8261e-06
1092.4	8.8248e-06
1092.6	8.8235e-06
1092.8	8.8222e-06
1093.0	8.821e-06
1093.2	8.8197e-06
1093.4	8.8184e-06
1093.6	8.8171e-06
1093.8	8.8158e-06
1094.0	8.8146e-06
1094.2	8.8133e-06
1094.4	8.812e-06
1094.6	8.8107e-06
1094.8	8.8094e-06
1095.0	8.8082e-06
1095.2	8.8069e-06
1095.4	8.8056e-06
1095.6	8.8043e-06
1095.8	8.8777e-06
1096.0	9.0217e-06
1096.2	9.168e-06
1096.4	9.3167e-06
1096.6	9.4678e-06
1096.8	9.6213e-06
1097.0	9.7774e-06
1097.2	9.9359e-06
1097.4	1.0097e-05
1097.6	1.0261e-05
1097.8	1.0427e-05
1098.0	1.0596e-05
1098.2	1.0768e-05
1098.4	1.0943e-05
1098.6	1.112e-05
1098.8	1.1301e-05
1099.0	1.1484e-05
1099.2	1.167e-05
1099.4	1.1859e-05
1099.6	1.2054e-05
1099.8	1.227e-05
1100.0	1.249e-05
1100.2	1.2713e-05
1100.4	1.2941e-05
1100.6	1.3173e-05
1100.8	1.3409e-05
1101.0	1.3649e-05
1101.2	1.3893e-05
1101.4	1.4142e-05
1101.6	1.4396e-05
1101.8	1.4653e-05
1102.0	1.4916e-05
1102.2	1.5183e-05
1102.4	1.5455e-05
1102.6	1.5732e-05
1102.8	1.6014e-05
1103.0	1.63e-05
1103.2	1.6592e-05
1103.4	1.6889e-05
1103.6	1.7195e-05
1103.8	1.7506e-05
1104.0	1.7823e-05
1104.2	1.8146e-05
1104.4	1.8475e-05
1104.6	1.881e-05
1104.8	1.915e-05
1105.0	1.9497e-05
1105.2	1.9851e-05
1105.4	2.021e-05
1105.6	2.0577e-05
1105.8	2.0949e-05
1106.0	2.1329e-05
1106.2	2.1715e-05
1106.4	2.2109e-05
1106.6	2.2509e-05
1106.8	2.2917e-05
1107.0	2.3332e-05
1107.2	2.3755e-05
1107.4	2.4099e-05
1107.6	2.4266e-05
1107.8	2.4434e-05
1108.0	2.4604e-05
1108.2	2.4774e-05
1108.4	2.4946e-05
1108.6	2.5119e-05
1108.8	2.5293e-05
1109.0	2.5468e-05
1109.2	2.5645e-05
1109.4	2.5823e-05
1109.6	2.6002e-05
1109.8	2.6182e-05
1110.0	2.6363e-05
1110.2	2.6546e-05
1110.4	2.673e-05
1110.6	2.6915e-05
1110.8	2.7102e-05
1111.0	2.729e-05
1111.2	2.7479e-05
1111.4	2.7411e-05
1111.6	2.7329e-05
1111.8	2.7248e-05
1112.0	2.7166e-05
1112.2	2.7085e-05
1112.4	2.7005e-05
1112.6	2.6924e-05
1112.8	2.6844e-05
1113.0	2.6764e-05
1113.2	2.6684e-05
1113.4	2.6605e-05
1113.6	2.6526e-05
1113.8	2.6447e-05
1114.0	2.6368e-05
1114.2	2.6289e-05
1114.4	2.6211e-05
1114.6	2.6133e-05
1114.8	2.6055e-05
1115.0	2.5977e-05
1115.2	2.5872e-05
1115.4	2.5746e-05
1115.6	2.5622e-05
1115.8	2.5498e-05
1116.0	2.5374e-05
1116.2	2.5251e-05
1116.4	2.5129e-05
1116.6	2.5008e-05
1116.8	2.4887e-05
1117.0	2.4766e-05
1117.2	2.4646e-05
1117.4	2.4527e-05
1117.6	2.4408e-05
1117.8	2.429e-05
1118.0	2.4172e-05
1118.2	2.4055e-05
1118.4	2.3939e-05
1118.6	2.3823e-05
1118.8	2.3708e-05
1119.0	2.3753e-05
1119.2	2.4342e-05
1119.4	2.4946e-05
1119.6	2.5565e-05
1119.8	2.62e-05
1120.0	2.685e-05
1120.2	2.7516e-05
1120.4	2.8199e-05
1120.6	2.8898e-05
1120.8	2.9615e-05
1121.0	3.035e-05
1121.2	3.0413e-05
1121.4	3.0475e-05
1121.6	3.0538e-05
1121.8	3.06e-05
1122.0	3.0656e-05
1122.2	3.0452e-05
1122.4	3.0249e-05
1122.6	3.0047e-05
1122.8	2.9846e-05
1123.0	2.9649e-05
1123.2	2.9627e-05
1123.4	2.9606e-05
1123.6	2.9585e-05
1123.8	2.9563e-05
1124.0	2.9551e-05
1124.2	2.9823e-05
1124.4	3.0098e-05
1124.6	3.0376e-05
1124.8	3.0656e-05
1125.0	3.0935e-05
1125.2	3.0764e-05
1125.4	3.0593e-05
1125.6	3.0424e-05
1125.8	3.0256e-05
1126.0	3.0092e-05
1126.2	3.0027e-05
1126.4	2.9962e-05
1126.6	2.9897e-05
1126.8	2.9832e-05
1127.0	2.9768e-05
1127.2	2.9765e-05
1127.4	2.9761e-05
1127.6	2.9758e-05
1127.8	2.9755e-05
1128.0	2.975e-05
1128.2	2.9722e-05
1128.4	2.9693e-05
1128.6	2.9665e-05
1128.8	2.9636e-05
1129.0	2.961e-05
1129.2	2.967e-05
1129.4	2.9731e-05
1129.6	2.9792e-05
1129.8	2.9853e-05
1130.0	2.9907e-05
1130.2	2.979e-05
1130.4	2.9674e-05
1130.6	2.9557e-05
1130.8	2.9442e-05
1131.0	2.9332e-05
1131.2	2.9419e-05
1131.4	2.9507e-05
1131.6	2.9596e-05
1131.8	2.9684e-05
1132.0	2.9773e-05
1132.2	2.9894e-05
1132.4	3.0015e-05
1132.6	3.0137e-05
1132.8	3.0259e-05
1133.0	3.0378e-05
1133.2	3.0396e-05
1133.4	3.0414e-05
1133.6	3.0433e-05
1133.8	3.0451e-05
1134.0	3.0472e-05
1134.2	3.0592e-05
1134.4	3.0712e-05
1134.6	3.0834e-05
1134.8	3.0955e-05
1135.0	3.1079e-05
1135.2	3.1249e-05
1135.4	3.142e-05
1135.6	3.1592e-05
1135.8	3.1765e-05
1136.0	3.1928e-05
1136.2	3.1734e-05
1136.4	3.1541e-05
1136.6	3.1349e-05
1136.8	3.1159e-05
1137.0	3.0973e-05
1137.2	3.1063e-05
1137.4	3.1153e-05
1137.6	3.1244e-05
1137.8	3.1334e-05
1138.0	3.1425e-05
1138.2	3.1519e-05
1138.4	3.1612e-05
1138.6	3.1706e-05
1138.8	3.1801e-05
1139.0	3.1896e-05
1139.2	3.2043e-05
1139.4	3.219e-05
1139.6	3.2338e-05
1139.8	3.2487e-05
1140.0	3.263e-05
1140.2	3.2646e-05
1140.4	3.2662e-05
1140.6	3.2679e-05
1140.8	3.2695e-05
1141.0	3.2712e-05
1141.2	3.2751e-05
1141.4	3.279e-05
1141.6	3.283e-05
1141.8	3.2869e-05
1142.0	3.2906e-05
1142.2	3.2887e-05
1142.4	3.2868e-05
1142.6	3.2848e-05
1142.8	3.2829e-05
1143.0	3.2812e-05
1143.2	3.2941e-05
1143.4	3.3071e-05
1143.6	3.3202e-05
1143.8	3.3333e-05
1144.0	3.3454e-05
1144.2	3.3348e-05
1144.4	3.3244e-05
1144.6	3.3139e-05
1144.8	3.3035e-05
1145.0	3.2934e-05
1145.2	3.2918e-05
1145.4	3.2902e-05
1145.6	3.2887e-05
1145.8	3.2871e-05
1146.0	3.2857e-05
1146.2	3.2923e-05
1146.4	3.2988e-05
1146.6	3.3054e-05
1146.8	3.312e-05
1147.0	3.3173e-05
1147.2	3.2975e-05
1147.4	3.2779e-05
1147.6	3.2583e-05
1147.8	3.2389e-05
1148.0	3.2201e-05
1148.2	3.2143e-05
1148.4	3.2085e-05
1148.6	3.2027e-05
1148.8	3.1969e-05
1149.0	3.1912e-05
1149.2	3.185e-05
1149.4	3.1788e-05
1149.6	3.1727e-05
1149.8	3.1665e-05
1150.0	3.1605e-05
1150.2	3.1602e-05
1150.4	3.16e-05
1150.6	3.1597e-05
1150.8	3.1595e-05
1151.0	3.1592e-05
1151.2	3.1547e-05
1151.4	3.1502e-05
1151.6	3.1457e-05
1151.8	3.1412e-05
1152.0	3.1357e-05
1152.2	3.1095e-05
1152.4	3.0836e-05
1152.6	3.0578e-05
1152.8	3.0323e-05
1153.0	3.0081e-05
1153.2	3.0118e-05
1153.4	3.0155e-05
1153.6	3.0191e-05
1153.8	3.0228e-05
1154.0	3.0261e-05
1154.2	3.0187e-05
1154.4	3.0113e-05
1154.6	3.0039e-05
1154.8	2.9965e-05
1155.0	2.9891e-05
1155.2	2.9785e-05
1155.4	2.9679e-05
1155.6	2.9574e-05
1155.8	2.9469e-05
1156.0	2.9367e-05
1156.2	2.9382e-05
1156.4	2.9398e-05
1156.6	2.9414e-05
1156.8	2.9429e-05
1157.0	2.9444e-05
1157.2	2.939e-05
1157.4	2.9336e-05
1157.6	2.9282e-05
1157.8	2.9229e-05
1158.0	2.9175e-05
1158.2	2.9099e-05
1158.4	2.9023e-05
1158.6	2.8947e-05
1158.8	2.8872e-05
1159.0	2.8796e-05
1159.2	2.8708e-05
1159.4	2.8621e-05
1159.6	2.8534e-05
1159.8	2.8447e-05
1160.0	2.8363e-05
1160.2	2.8342e-05
1160.4	2.8321e-05
1160.6	2.83e-05
1160.8	2.828e-05
1161.0	2.8257e-05
1161.2	2.8195e-05
1161.4	2.8133e-05
1161.6	2.8071e-05
1161.8	2.801e-05
1162.0	2.7951e-05
1162.2	2.7941e-05
1162.4	2.7931e-05
1162.6	2.7922e-05
1162.8	2.7912e-05
1163.0	2.7901e-05
1163.2	2.785e-05
1163.4	2.78e-05
1163.6	2.775e-05
1163.8	2.77e-05
1164.0	2.7653e-05
1164.2	2.7696e-05
1164.4	2.7739e-05
1164.6	2.7782e-05
1164.8	2.7824e-05
1165.0	2.7864e-05
1165.2	2.783e-05
1165.4	2.7797e-05
1165.6	2.7763e-05
1165.8	2.7729e-05
1166.0	2.7694e-05
1166.2	2.7619e-05
1166.4	2.7544e-05
1166.6	2.7469e-05
1166.8	2.7395e-05
1167.0	2.7322e-05
1167.2	2.7281e-05
1167.4	2.7241e-05
1167.6	2.7201e-05
1167.8	2.7161e-05
1168.0	2.7124e-05
1168.2	2.7163e-05
1168.4	2.7201e-05
1168.6	2.724e-05
1168.8	2.7279e-05
1169.0	2.7311e-05
1169.2	2.7207e-05
1169.4	2.7103e-05
1169.6	2.7e-05
1169.8	2.6897e-05
1170.0	2.6802e-05
1170.2	2.6847e-05
1170.4	2.6892e-05
1170.6	2.6938e-05
1170.8	2.6983e-05
1171.0	2.7028e-05
1171.2	2.698e-05
1171.4	2.6931e-05
1171.6	2.6883e-05
1171.8	2.6835e-05
1172.0	2.6787e-05
1172.2	2.6733e-05
1172.4	2.668e-05
1172.6	2.6626e-05
1172.8	2.6573e-05
1173.0	2.6521e-05
1173.2	2.6496e-05
1173.4	2.6471e-05
1173.6	2.6446e-05
1173.8	2.6422e-05
1174.0	2.6397e-05
1174.2	2.6381e-05
1174.4	2.6365e-05
1174.6	2.6348e-05
1174.8	2.6332e-05
1175.0	2.632e-05
1175.2	2.6414e-05
1175.4	2.6508e-05
1175.6	2.6603e-05
1175.8	2.6698e-05
1176.0	2.6787e-05
1176.2	2.6753e-05
1176.4	2.6719e-05
1176.6	2.6685e-05
1176.8	2.6652e-05
1177.0	2.6618e-05
1177.2	2.6624e-05
1177.4	2.6629e-05
1177.6	2.6634e-05
1177.8	2.664e-05
1178.0	2.6645e-05
1178.2	2.6617e-05
1178.4	2.6589e-05
1178.6	2.6562e-05
1178.8	2.6534e-05
1179.0	2.6508e-05
1179.2	2.6546e-05
1179.4	2.6584e-05
1179.6	2.6622e-05
1179.8	2.666e-05
1180.0	2.6696e-05
1180.2	2.668e-05
1180.4	2.6664e-05
1180.6	2.6648e-05
1180.8	2.6632e-05
1181.0	2.6617e-05
1181.2	2.6611e-05
1181.4	2.6606e-05
1181.6	2.66e-05
1181.8	2.6595e-05
1182.0	2.659e-05
1182.2	2.6601e-05
1182.4	2.6613e-05
1182.6	2.6625e-05
1182.8	2.6637e-05
1183.0	2.6649e-05
1183.2	2.6677e-05
1183.4	2.6706e-05
1183.6	2.6734e-05
1183.8	2.6762e-05
1184.0	2.6787e-05
1184.2	2.6743e-05
1184.4	2.6698e-05
1184.6	2.6654e-05
1184.8	2.661e-05
1185.0	2.6566e-05
1185.2	2.6584e-05
1185.4	2.6601e-05
1185.6	2.6618e-05
1185.8	2.6636e-05
1186.0	2.6653e-05
1186.2	2.6664e-05
1186.4	2.6675e-05
1186.6	2.6686e-05
1186.8	2.6698e-05
1187.0	2.6709e-05
1187.2	2.6733e-05
1187.4	2.6756e-05
1187.6	2.678e-05
1187.8	2.6803e-05
1188.0	2.6826e-05
1188.2	2.6817e-05
1188.4	2.6808e-05
1188.6	2.6799e-05
1188.8	2.6791e-05
1189.0	2.6782e-05
1189.2	2.6783e-05
1189.4	2.6784e-05
1189.6	2.6785e-05
1189.8	2.6786e-05
1190.0	2.679e-05
1190.2	2.6849e-05
1190.4	2.6908e-05
1190.6	2.6967e-05
1190.8	2.7026e-05
1191.0	2.7085e-05
1191.2	2.7109e-05
1191.4	2.7133e-05
1191.6	2.7157e-05
1191.8	2.7181e-05
1192.0	2.7204e-05
1192.2	2.7203e-05
1192.4	2.7202e-05
1192.6	2.7201e-05
1192.8	2.7199e-05
1193.0	2.7197e-05
1193.2	2.7121e-05
1193.4	2.7045e-05
1193.6	2.697e-05
1193.8	2.6895e-05
1194.0	2.6823e-05
1194.2	2.6847e-05
1194.4	2.687e-05
1194.6	2.6893e-05
1194.8	2.6916e-05
1195.0	2.694e-05
1195.2	2.6985e-05
1195.4	2.703e-05
1195.6	2.7075e-05
1195.8	2.712e-05
1196.0	2.7164e-05
1196.2	2.72e-05
1196.4	2.7236e-05
1196.6	2.7271e-05
1196.8	2.7307e-05
1197.0	2.7355e-05
1197.2	2.8192e-05
1197.4	2.9056e-05
1197.6	2.9946e-05
1197.8	3.0863e-05
1198.0	3.1742e-05
1198.2	3.0809e-05
1198.4	2.9904e-05
1198.6	2.9026e-05
1198.8	2.8173e-05
1199.0	2.7357e-05
1199.2	2.7303e-05
1199.4	2.7249e-05
1199.6	2.7196e-05
1199.8	2.7142e-05
1200.0	2.7089e-05
