wl	%T
265.0	2.0808e-06
265.2	2.0604e-06
265.4	2.0402e-06
265.6	2.0202e-06
265.8	2.0003e-06
266.0	1.9807e-06
266.2	1.9613e-06
266.4	1.942e-06
266.6	1.9229e-06
266.8	1.9041e-06
267.0	1.8854e-06
267.2	1.8695e-06
267.4	1.8543e-06
267.6	1.8391e-06
267.8	1.8241e-06
268.0	1.8092e-06
268.2	1.7944e-06
268.4	1.7798e-06
268.6	1.7652e-06
268.8	1.7508e-06
269.0	1.7365e-06
269.2	1.7223e-06
269.4	1.7083e-06
269.6	1.6943e-06
269.8	1.6805e-06
270.0	1.6668e-06
270.2	1.6531e-06
270.4	1.6396e-06
270.6	1.6262e-06
270.8	1.6592e-06
271.0	1.9429e-06
271.2	2.2753e-06
271.4	2.6644e-06
271.6	3.1202e-06
271.8	3.6539e-06
272.0	4.2788e-06
272.2	5.0107e-06
272.4	5.8677e-06
272.6	6.8714e-06
272.8	8.0467e-06
273.0	9.423e-06
273.2	1.1035e-05
273.4	1.2922e-05
273.6	1.5132e-05
273.8	1.7721e-05
274.0	2.0752e-05
274.2	2.4301e-05
274.4	2.8458e-05
274.6	2.9817e-05
274.8	2.7889e-05
275.0	2.6086e-05
275.2	2.6271e-05
275.4	2.6458e-05
275.6	2.4633e-05
275.8	2.0795e-05
276.0	1.7554e-05
276.2	1.4819e-05
276.4	1.251e-05
276.6	1.056e-05
276.8	8.9147e-06
277.0	7.5255e-06
277.2	6.3528e-06
277.4	5.3629e-06
277.6	4.5272e-06
277.8	3.8217e-06
278.0	3.2262e-06
278.2	2.7235e-06
278.4	2.2991e-06
278.6	1.9408e-06
278.8	1.6384e-06
279.0	1.3831e-06
279.2	1.1675e-06
279.4	1.113e-06
279.6	1.0991e-06
279.8	1.0854e-06
280.0	1.0719e-06
280.2	1.0585e-06
280.4	1.0453e-06
280.6	1.0323e-06
280.8	1.0194e-06
281.0	1.0067e-06
281.2	9.9412e-07
281.4	9.8172e-07
281.6	9.6948e-07
281.8	9.5739e-07
282.0	9.4544e-07
282.2	9.3365e-07
282.4	9.2201e-07
282.6	9.1051e-07
282.8	8.9915e-07
283.0	8.877e-07
283.2	8.7445e-07
283.4	8.614e-07
283.6	8.4855e-07
283.8	8.3588e-07
284.0	8.2341e-07
284.2	8.1112e-07
284.4	7.9901e-07
284.6	7.8708e-07
284.8	7.7534e-07
285.0	7.6377e-07
285.2	7.484e-07
285.4	7.3334e-07
285.6	7.209e-07
285.8	7.1082e-07
286.0	7.0088e-07
286.2	6.9108e-07
286.4	6.8142e-07
286.6	6.7189e-07
286.8	6.6249e-07
287.0	6.5323e-07
287.2	6.441e-07
287.4	6.3509e-07
287.6	6.2621e-07
287.8	6.1746e-07
288.0	6.0882e-07
288.2	6.0031e-07
288.4	5.9192e-07
288.6	5.8364e-07
288.8	5.7548e-07
289.0	5.6744e-07
289.2	5.595e-07
289.4	6.4421e-07
289.6	7.6231e-07
289.8	9.0206e-07
290.0	1.0674e-06
290.2	1.2631e-06
290.4	1.4947e-06
290.6	1.7687e-06
290.8	2.093e-06
291.0	2.4767e-06
291.2	2.9308e-06
291.4	3.4681e-06
291.6	4.1039e-06
291.8	4.8562e-06
292.0	5.7465e-06
292.2	6.8e-06
292.4	8.0467e-06
292.6	9.5219e-06
292.8	1.1268e-05
293.0	1.2047e-05
293.2	8.3581e-06
293.4	5.7988e-06
293.6	4.0231e-06
293.8	2.7912e-06
294.0	1.9365e-06
294.2	1.3435e-06
294.4	9.3214e-07
294.6	6.4671e-07
294.8	4.4868e-07
295.0	3.1129e-07
295.2	3.2412e-07
295.4	3.3747e-07
295.6	3.5138e-07
295.8	3.6586e-07
296.0	3.8094e-07
296.2	3.9664e-07
296.4	4.1298e-07
296.6	4.3e-07
296.8	4.4772e-07
297.0	4.6617e-07
297.2	4.8538e-07
297.4	5.0538e-07
297.6	5.262e-07
297.8	5.4789e-07
298.0	5.6714e-07
298.2	5.6126e-07
298.4	5.5543e-07
298.6	5.4967e-07
298.8	5.4397e-07
299.0	5.3832e-07
299.2	5.3273e-07
299.4	5.2721e-07
299.6	5.2174e-07
299.8	5.1632e-07
300.0	5.1096e-07
300.2	5.0566e-07
300.4	5.0041e-07
300.6	4.9522e-07
300.8	4.9008e-07
301.0	4.85e-07
301.2	4.7996e-07
301.4	4.7498e-07
301.6	4.7006e-07
301.8	4.7166e-07
302.0	4.8085e-07
302.2	4.9023e-07
302.4	4.9979e-07
302.6	5.0953e-07
302.8	5.1947e-07
303.0	5.296e-07
303.2	5.3992e-07
303.4	5.5045e-07
303.6	5.6118e-07
303.8	5.7213e-07
304.0	5.8328e-07
304.2	5.9465e-07
304.4	6.0625e-07
304.6	6.1807e-07
304.8	6.3012e-07
305.0	6.4241e-07
305.2	5.2025e-07
305.4	4.2131e-07
305.6	3.6984e-07
305.8	4.3574e-07
306.0	5.1338e-07
306.2	6.0486e-07
306.4	7.1264e-07
306.6	8.3962e-07
306.8	9.8923e-07
307.0	1.1655e-06
307.2	1.3732e-06
307.4	1.6179e-06
307.6	1.9061e-06
307.8	2.2458e-06
308.0	2.646e-06
308.2	3.1175e-06
308.4	3.6729e-06
308.6	4.3274e-06
308.8	5.0985e-06
309.0	6.007e-06
309.2	7.0774e-06
309.4	6.9264e-06
309.6	5.8238e-06
309.8	4.8968e-06
310.0	4.1173e-06
310.2	3.4619e-06
310.4	2.9108e-06
310.6	2.4475e-06
310.8	2.0579e-06
311.0	1.7303e-06
311.2	1.4549e-06
311.4	1.2233e-06
311.6	1.0285e-06
311.8	8.6482e-07
312.0	7.2715e-07
312.2	6.114e-07
312.4	5.1408e-07
312.6	4.3224e-07
312.8	3.6344e-07
313.0	3.0559e-07
313.2	3.4159e-07
313.4	3.955e-07
313.6	4.5793e-07
313.8	5.3021e-07
314.0	6.1391e-07
314.2	7.1081e-07
314.4	8.2301e-07
314.6	9.5292e-07
314.8	1.1033e-06
315.0	1.2775e-06
315.2	1.4791e-06
315.4	1.7126e-06
315.6	1.9829e-06
315.8	2.2959e-06
316.0	2.6584e-06
316.2	3.078e-06
316.4	3.5638e-06
316.6	4.1263e-06
316.8	4.4426e-06
317.0	3.7994e-06
317.2	3.2493e-06
317.4	2.7789e-06
317.6	2.3765e-06
317.8	2.0324e-06
318.0	1.7382e-06
318.2	1.4865e-06
318.4	1.2713e-06
318.6	1.0872e-06
318.8	9.2982e-07
319.0	7.9519e-07
319.2	6.8006e-07
319.4	5.816e-07
319.6	4.9739e-07
319.8	4.2538e-07
320.0	3.6379e-07
320.2	3.1112e-07
320.4	2.6607e-07
320.6	2.7344e-07
320.8	3.1845e-07
321.0	3.7086e-07
321.2	4.3189e-07
321.4	5.0297e-07
321.6	5.8575e-07
321.8	6.8215e-07
322.0	7.9442e-07
322.2	9.2517e-07
322.4	1.0774e-06
322.6	1.2548e-06
322.8	1.4613e-06
323.0	1.7018e-06
323.2	1.9818e-06
323.4	2.308e-06
323.6	2.6879e-06
323.8	3.1302e-06
324.0	3.6454e-06
324.2	4.2454e-06
324.4	4.0612e-06
324.6	3.8491e-06
324.8	3.6481e-06
325.0	3.4577e-06
325.2	3.2771e-06
325.4	3.106e-06
325.6	2.9438e-06
325.8	2.7901e-06
326.0	2.6444e-06
326.2	2.5064e-06
326.4	2.3755e-06
326.6	2.2515e-06
326.8	2.1339e-06
327.0	2.0225e-06
327.2	1.9169e-06
327.4	1.8168e-06
327.6	1.7219e-06
327.8	1.632e-06
328.0	1.5684e-06
328.2	1.5502e-06
328.4	1.5323e-06
328.6	1.5146e-06
328.8	1.497e-06
329.0	1.4797e-06
329.2	1.4626e-06
329.4	1.4457e-06
329.6	1.429e-06
329.8	1.4124e-06
330.0	1.3961e-06
330.2	1.3799e-06
330.4	1.364e-06
330.6	1.3482e-06
330.8	1.3326e-06
331.0	1.3172e-06
331.2	1.3019e-06
331.4	1.2869e-06
331.6	1.272e-06
331.8	1.2641e-06
332.0	1.259e-06
332.2	1.2539e-06
332.4	1.2489e-06
332.6	1.2439e-06
332.8	1.2389e-06
333.0	1.2339e-06
333.2	1.2289e-06
333.4	1.224e-06
333.6	1.2191e-06
333.8	1.2142e-06
334.0	1.2093e-06
334.2	1.2045e-06
334.4	1.1996e-06
334.6	1.1948e-06
334.8	1.19e-06
335.0	1.1852e-06
335.2	1.5276e-06
335.4	1.969e-06
335.6	2.3488e-06
335.8	2.2726e-06
336.0	2.199e-06
336.2	2.1277e-06
336.4	2.0588e-06
336.6	1.9921e-06
336.8	1.9275e-06
337.0	1.865e-06
337.2	1.8046e-06
337.4	1.7461e-06
337.6	1.6895e-06
337.8	1.6348e-06
338.0	1.5818e-06
338.2	1.5306e-06
338.4	1.481e-06
338.6	1.433e-06
338.8	1.3865e-06
339.0	1.3416e-06
339.2	1.2981e-06
339.4	1.1983e-06
339.6	1.076e-06
339.8	9.662e-07
340.0	8.676e-07
340.2	7.7906e-07
340.4	6.9955e-07
340.6	6.2816e-07
340.8	5.6405e-07
341.0	5.0649e-07
341.2	4.548e-07
341.4	4.0838e-07
341.6	3.6671e-07
341.8	3.2928e-07
342.0	2.9568e-07
342.2	2.655e-07
342.4	2.3841e-07
342.6	2.1408e-07
342.8	1.9223e-07
343.0	1.7275e-07
343.2	1.8277e-07
343.4	1.9336e-07
343.6	2.0457e-07
343.8	2.1643e-07
344.0	2.2897e-07
344.2	2.4225e-07
344.4	2.5629e-07
344.6	2.7114e-07
344.8	2.8686e-07
345.0	3.0349e-07
345.2	3.2108e-07
345.4	3.3969e-07
345.6	3.5939e-07
345.8	3.8022e-07
346.0	4.0226e-07
346.2	4.2558e-07
346.4	4.5025e-07
346.6	4.7635e-07
346.8	4.7563e-07
347.0	4.33e-07
347.2	3.9419e-07
347.4	3.5886e-07
347.6	3.267e-07
347.8	2.9742e-07
348.0	2.7076e-07
348.2	2.4649e-07
348.4	2.244e-07
348.6	2.0429e-07
348.8	1.8598e-07
349.0	1.6931e-07
349.2	1.5413e-07
349.4	1.4032e-07
349.6	1.2774e-07
349.8	1.1629e-07
350.0	1.0587e-07
350.2	9.6381e-08
350.4	8.7742e-08
350.6	8.5933e-08
350.8	8.6017e-08
351.0	8.6101e-08
351.2	8.6186e-08
351.4	8.6271e-08
351.6	8.6355e-08
351.8	8.644e-08
352.0	8.6525e-08
352.2	8.661e-08
352.4	8.6695e-08
352.6	8.678e-08
352.8	8.6865e-08
353.0	8.695e-08
353.2	8.7036e-08
353.4	8.7121e-08
353.6	8.7207e-08
353.8	8.7292e-08
354.0	8.7378e-08
354.2	8.9148e-08
354.4	9.9829e-08
354.6	1.1179e-07
354.8	1.2518e-07
355.0	1.4018e-07
355.2	1.5698e-07
355.4	1.7578e-07
355.6	1.9685e-07
355.8	2.2043e-07
356.0	2.4684e-07
356.2	2.7641e-07
356.4	3.0953e-07
356.6	3.4662e-07
356.8	3.8815e-07
357.0	4.3465e-07
357.2	4.8673e-07
357.4	5.4504e-07
357.6	6.1035e-07
357.8	6.8347e-07
358.0	6.7726e-07
358.2	6.1197e-07
358.4	5.5297e-07
358.6	4.9966e-07
358.8	4.5148e-07
359.0	4.0796e-07
359.2	3.6863e-07
359.4	3.3309e-07
359.6	3.0097e-07
359.8	2.7196e-07
360.0	2.4574e-07
360.2	2.2205e-07
360.4	2.0064e-07
360.6	1.8129e-07
360.8	1.6382e-07
361.0	1.4802e-07
361.2	1.3375e-07
361.4	1.2086e-07
361.6	1.092e-07
361.8	1.6411e-07
362.0	2.492e-07
362.2	3.784e-07
362.4	5.7458e-07
362.6	8.7248e-07
362.8	1.3248e-06
363.0	2.0117e-06
363.2	3.0547e-06
363.4	4.6385e-06
363.6	7.0434e-06
363.8	1.0695e-05
364.0	1.624e-05
364.2	2.466e-05
364.4	3.7446e-05
364.6	5.686e-05
364.8	8.634e-05
365.0	1.311e-04
365.2	2.2147e-04
365.4	2.1711e-04
365.6	2.4082e-04
365.8	2.46e-04
366.0	2.3666e-04
366.2	2.6189e-04
366.4	2.4345e-04
366.6	2.4733e-04
366.8	2.7175e-04
367.0	2.9661e-04
367.2	2.8842e-04
367.4	2.8741e-04
367.6	3.1088e-04
367.8	3.1272e-04
368.0	2.9524e-04
368.2	3.1579e-04
368.4	3.26e-04
368.6	3.0153e-04
368.8	3.2465e-04
369.0	3.5122e-04
369.2	3.3676e-04
369.4	3.1625e-04
369.6	3.0595e-04
369.8	3.3127e-04
370.0	3.4393e-04
370.2	3.4204e-04
370.4	3.5706e-04
370.6	3.4262e-04
370.8	3.4327e-04
371.0	3.655e-04
371.2	3.5897e-04
371.4	4.4349e-04
371.6	4.9845e-04
371.8	4.3855e-04
372.0	4.3696e-04
372.2	4.5346e-04
372.4	5.1747e-04
372.6	7.7404e-04
372.8	0.00106
373.0	0.00101
373.2	8.3553e-04
373.4	7.4966e-04
373.6	6.72e-04
373.8	6.9083e-04
374.0	9.406e-04
374.2	0.00144
374.4	0.00221
374.6	0.00262
374.8	0.00216
375.0	0.00162
375.2	0.0012
375.4	0.001
375.6	9.6774e-04
375.8	0.00111
376.0	0.00175
376.2	0.00356
376.4	0.00783
376.6	0.01046
376.8	0.00679
377.0	0.00333
377.2	0.00203
377.4	0.00163
377.6	0.00164
377.8	0.00211
378.0	0.00343
378.2	0.00751
378.4	0.01432
378.6	0.01526
378.8	0.00972
379.0	0.00566
379.2	0.00384
379.4	0.00317
379.6	0.00324
379.8	0.00409
380.0	0.00664
380.2	0.01264
380.4	0.019
380.6	0.01808
380.8	0.01357
381.0	0.01059
381.2	0.00931
381.4	0.00938
381.6	0.01159
381.8	0.01762
382.0	0.03196
382.2	0.05073
382.4	0.0451
382.6	0.02551
382.8	0.01594
383.0	0.01236
383.2	0.01172
383.4	0.01317
383.6	0.0189
383.8	0.03603
384.0	0.07137
384.2	0.07827
384.4	0.04327
384.6	0.02194
384.8	0.01473
385.0	0.01247
385.2	0.01302
385.4	0.01671
385.6	0.02765
385.8	0.04813
386.0	0.04795
386.2	0.02614
386.4	0.01291
386.6	0.00805
386.8	0.0064
387.0	0.00631
387.2	0.00736
387.4	0.01069
387.6	0.02062
387.8	0.04625
388.0	0.05346
388.2	0.02648
388.4	0.01112
388.6	0.0061
388.8	0.00434
389.0	0.00372
389.2	0.00387
389.4	0.00467
389.6	0.00716
389.8	0.0144
390.0	0.02945
390.2	0.03048
390.4	0.0175
390.6	0.00956
390.8	0.00645
391.0	0.00529
391.2	0.00507
391.4	0.00573
391.6	0.0078
391.8	0.01325
392.0	0.02258
392.2	0.02969
392.4	0.03586
392.6	0.03032
392.8	0.01613
393.0	0.00982
393.2	0.00798
393.4	0.00718
393.6	0.00947
393.8	0.01293
394.0	0.02403
394.2	0.04466
394.4	0.03375
394.6	0.02516
394.8	0.01414
395.0	0.00763
395.2	0.00615
395.4	0.0056
395.6	0.00686
395.8	0.00985
396.0	0.01456
396.2	0.02206
396.4	0.02226
396.6	0.01309
396.8	0.00763
397.0	0.00435
397.2	0.00269
397.4	0.00225
397.6	0.00193
397.8	0.0021
398.0	0.00229
398.2	0.00324
398.4	0.00459
398.6	0.00615
398.8	0.00817
399.0	0.00747
399.2	0.00609
399.4	0.00474
399.6	0.00361
399.8	0.00318
400.0	0.00315
400.2	0.00347
400.4	0.00437
400.6	0.00547
400.8	0.00678
401.0	0.00771
401.2	0.00638
401.4	0.00523
401.6	0.00398
401.8	0.00303
402.0	0.00282
402.2	0.00262
402.4	0.00301
402.6	0.00354
402.8	0.00455
403.0	0.00598
403.2	0.00654
403.4	0.00651
403.6	0.0056
403.8	0.0043
404.0	0.00351
404.2	0.00309
404.4	0.00294
404.6	0.00323
404.8	0.00371
405.0	0.0049
405.2	0.00639
405.4	0.0075
405.6	0.00876
405.8	0.00717
406.0	0.00586
406.2	0.00474
406.4	0.00383
406.6	0.00373
406.8	0.0038
407.0	0.00444
407.2	0.00553
407.4	0.00638
407.6	0.00698
407.8	0.00653
408.0	0.00515
408.2	0.00407
408.4	0.00324
408.6	0.00271
408.8	0.00262
409.0	0.00262
409.2	0.0032
409.4	0.00391
409.6	0.00523
409.8	0.00699
410.0	0.00631
410.2	0.00556
410.4	0.00398
410.6	0.00273
410.8	0.00217
411.0	0.00182
411.2	0.00177
411.4	0.00188
411.6	0.00227
411.8	0.0031
412.0	0.00419
412.2	0.00561
412.4	0.00639
412.6	0.00501
412.8	0.00383
413.0	0.00261
413.2	0.00182
413.4	0.00155
413.6	0.00133
413.8	0.00145
414.0	0.0016
414.2	0.00222
414.4	0.00319
414.6	0.0041
414.8	0.0051
415.0	0.00433
415.2	0.00304
415.4	0.0021
415.6	0.00143
415.8	0.00109
416.0	9.3883e-04
416.2	8.7892e-04
416.4	9.5734e-04
416.6	0.00111
416.8	0.00155
417.0	0.00219
417.2	0.00341
417.4	0.00519
417.6	0.00425
417.8	0.00349
418.0	0.00222
418.2	0.00138
418.4	0.00107
418.6	8.7347e-04
418.8	8.2605e-04
419.0	8.2838e-04
419.2	9.6519e-04
419.4	0.00124
419.6	0.00186
419.8	0.00325
420.0	0.00501
420.2	0.00646
420.4	0.00664
420.6	0.00406
420.8	0.00255
421.0	0.00178
421.2	0.00129
421.4	0.00125
421.6	0.00121
421.8	0.0016
422.0	0.00213
422.2	0.00372
422.4	0.00673
422.6	0.00764
422.8	0.00767
423.0	0.00503
423.2	0.00271
423.4	0.00171
423.6	0.00121
423.8	9.7387e-04
424.0	9.0125e-04
424.2	9.1449e-04
424.4	0.00108
424.6	0.00141
424.8	0.00244
425.0	0.00414
425.2	0.00642
425.4	0.00931
425.6	0.00546
425.8	0.0032
426.0	0.00194
426.2	0.00118
426.4	9.8122e-04
426.6	8.5463e-04
426.8	9.1406e-04
427.0	0.00104
427.2	0.00153
427.4	0.0026
427.6	0.00595
427.8	0.0117
428.0	0.01018
428.2	0.00442
428.4	0.00192
428.6	0.00112
428.8	7.7426e-04
429.0	6.1992e-04
429.2	5.5481e-04
429.4	5.3003e-04
429.6	5.5877e-04
429.8	6.5066e-04
430.0	8.6113e-04
430.2	0.00127
430.4	0.00233
430.6	0.0056
430.8	0.01277
431.0	0.01182
431.2	0.00525
431.4	0.00232
431.6	0.00136
431.8	9.6383e-04
432.0	7.9778e-04
432.2	7.1243e-04
432.4	7.0638e-04
432.6	7.4559e-04
432.8	8.7305e-04
433.0	0.00115
433.2	0.00173
433.4	0.00309
433.6	0.00655
433.8	0.01203
434.0	0.01091
434.2	0.00596
434.4	0.00325
434.6	0.0021
434.8	0.00161
435.0	0.00136
435.2	0.00135
435.4	0.00143
435.6	0.00169
435.8	0.00218
436.0	0.00321
436.2	0.00546
436.4	0.00901
436.6	0.01097
436.8	0.00846
437.0	0.00513
437.2	0.00326
437.4	0.00236
437.6	0.00193
437.8	0.00175
438.0	0.00174
438.2	0.00188
438.4	0.00227
438.6	0.00305
438.8	0.00455
439.0	0.0072
439.2	0.01018
439.4	0.00974
439.6	0.00683
439.8	0.00435
440.0	0.00293
440.2	0.00219
440.4	0.00183
440.6	0.00164
440.8	0.00162
441.0	0.00172
441.2	0.00197
441.4	0.00251
441.6	0.00349
441.8	0.00528
442.0	0.00799
442.2	0.01034
442.4	0.00984
442.6	0.00711
442.8	0.00495
443.0	0.00367
443.2	0.00296
443.4	0.00261
443.6	0.00254
443.8	0.00264
444.0	0.00301
444.2	0.00371
444.4	0.00498
444.6	0.00705
444.8	0.00951
445.0	0.01064
445.2	0.00924
445.4	0.00681
445.6	0.00486
445.8	0.00371
446.0	0.00308
446.2	0.00274
446.4	0.00263
446.6	0.00273
446.8	0.00303
447.0	0.00363
447.2	0.00462
447.4	0.00613
447.6	0.00813
447.8	0.00959
448.0	0.00951
448.2	0.00814
448.4	0.00649
448.6	0.00523
448.8	0.00445
449.0	0.00405
449.2	0.00398
449.4	0.00417
449.6	0.00468
449.8	0.0056
450.0	0.00694
450.2	0.00825
450.4	0.00883
450.6	0.00816
450.8	0.00671
451.0	0.00523
451.2	0.00418
451.4	0.00354
451.6	0.00321
451.8	0.00307
452.0	0.00321
452.2	0.0036
452.4	0.00433
452.6	0.00552
452.8	0.00704
453.0	0.00814
453.2	0.00751
453.4	0.00578
453.6	0.00409
453.8	0.00291
454.0	0.00219
454.2	0.00179
454.4	0.00155
454.6	0.00143
454.8	0.00141
455.0	0.00151
455.2	0.00175
455.4	0.0022
455.6	0.00306
455.8	0.00463
456.0	0.00683
456.2	0.00799
456.4	0.0063
456.6	0.00405
456.8	0.00256
457.0	0.00175
457.2	0.0013
457.4	0.00108
457.6	9.5348e-04
457.8	9.0692e-04
458.0	9.2115e-04
458.2	0.001
458.4	0.0012
458.6	0.00161
458.8	0.00241
459.0	0.00405
459.2	0.00654
459.4	0.00717
459.6	0.00482
459.8	0.00269
460.0	0.00156
460.2	0.00103
460.4	7.8186e-04
460.6	6.3326e-04
460.8	5.5523e-04
461.0	5.123e-04
461.2	5.0618e-04
461.4	5.3105e-04
461.6	5.9218e-04
461.8	7.1796e-04
462.0	9.6017e-04
462.2	0.00143
462.4	0.00251
462.6	0.00519
462.8	0.00913
463.0	0.00883
463.2	0.005
463.4	0.00257
463.6	0.00159
463.8	0.00114
464.0	9.2137e-04
464.2	8.1519e-04
464.4	7.7593e-04
464.6	8.1449e-04
464.8	9.3471e-04
465.0	0.00119
465.2	0.00171
465.4	0.00291
465.6	0.00599
465.8	0.0102
466.0	0.00891
466.2	0.00463
466.4	0.00225
466.6	0.00132
466.8	9.2856e-04
467.0	7.1935e-04
467.2	6.0973e-04
467.4	5.6316e-04
467.6	5.4423e-04
467.8	5.5708e-04
468.0	7.5454e-04
468.2	0.00126
468.4	0.0022
468.6	0.00482
468.8	0.01015
469.0	0.0104
469.2	0.00491
469.4	0.00224
469.6	0.00128
469.8	8.7809e-04
470.0	6.9511e-04
470.2	5.9178e-04
470.4	5.5102e-04
470.6	5.5616e-04
470.8	6.0558e-04
471.0	7.4092e-04
471.2	0.00104
471.4	0.00178
471.6	0.00414
471.8	0.00971
472.0	0.00999
472.2	0.00392
472.4	0.0015
472.6	7.8528e-04
472.8	5.1543e-04
473.0	3.7731e-04
473.2	3.0967e-04
473.4	2.5999e-04
473.6	2.3287e-04
473.8	2.2809e-04
474.0	2.4101e-04
474.2	2.6244e-04
474.4	3.2375e-04
474.6	4.4265e-04
474.8	7.1015e-04
475.0	0.00156
475.2	0.00593
475.4	0.01298
475.6	0.00604
475.8	0.0016
476.0	6.5567e-04
476.2	3.8989e-04
476.4	2.8391e-04
476.6	2.2134e-04
476.8	1.9168e-04
477.0	1.7026e-04
477.2	1.5918e-04
477.4	1.6513e-04
477.6	1.8201e-04
477.8	2.2169e-04
478.0	2.9421e-04
478.2	4.8707e-04
478.4	0.00107
478.6	0.00385
478.8	0.00622
479.0	0.00257
479.2	7.4261e-04
479.4	3.3219e-04
479.6	2.0426e-04
479.8	1.4503e-04
480.0	1.1503e-04
480.2	9.8029e-05
480.4	8.7216e-05
480.6	8.0247e-05
480.8	7.7315e-05
481.0	8.3017e-05
481.2	9.8785e-05
481.4	1.2781e-04
481.6	1.8108e-04
481.8	3.5628e-04
482.0	0.00108
482.2	0.00274
482.4	0.00197
482.6	5.4459e-04
482.8	1.9559e-04
483.0	1.117e-04
483.2	7.2218e-05
483.4	5.6288e-05
483.6	4.6315e-05
483.8	3.7354e-05
484.0	3.2939e-05
484.2	3.0928e-05
484.4	3.0195e-05
484.6	2.969e-05
484.8	3.3653e-05
485.0	3.7063e-05
485.2	4.7016e-05
485.4	6.7607e-05
485.6	1.1872e-04
485.8	3.1807e-04
486.0	8.4275e-04
486.2	7.5529e-04
486.4	2.5947e-04
486.6	9.318e-05
486.8	4.9152e-05
487.0	3.2083e-05
487.2	2.3861e-05
487.4	1.9776e-05
487.6	1.5947e-05
487.8	1.5182e-05
488.0	1.1926e-05
488.2	1.2593e-05
488.4	1.2e-05
488.6	1.2988e-05
488.8	1.1671e-05
489.0	1.2585e-05
489.2	1.6525e-05
489.4	1.9625e-05
489.6	2.9313e-05
489.8	5.0327e-05
490.0	1.2324e-04
490.2	3.1877e-04
490.4	3.2601e-04
490.6	1.3169e-04
490.8	4.7414e-05
491.0	2.7165e-05
491.2	1.7256e-05
491.4	1.2786e-05
491.6	9.9435e-06
491.8	1.0352e-05
492.0	8.2322e-06
492.2	7.5508e-06
492.4	6.6671e-06
492.6	6.7027e-06
492.8	7.2487e-06
493.0	8.3177e-06
493.2	6.9772e-06
493.4	8.1589e-06
493.6	9.3399e-06
493.8	1.1733e-05
494.0	1.6698e-05
494.2	2.9951e-05
494.4	6.6463e-05
494.6	1.5135e-04
494.8	1.8538e-04
495.0	9.3615e-05
495.2	3.6457e-05
495.4	1.9971e-05
495.6	1.4163e-05
495.8	1.1291e-05
496.0	8.236e-06
496.2	6.3657e-06
496.4	7.1799e-06
496.6	5.7806e-06
496.8	5.7074e-06
497.0	6.0489e-06
497.2	5.4707e-06
497.4	5.0625e-06
497.6	5.3828e-06
497.8	6.2504e-06
498.0	6.95e-06
498.2	9.1008e-06
498.4	1.1019e-05
498.6	1.8643e-05
498.8	3.4052e-05
499.0	7.3376e-05
499.2	1.29e-04
499.4	1.0812e-04
499.6	5.5932e-05
499.8	2.8063e-05
500.0	1.522e-05
500.2	9.4037e-06
500.4	7.1046e-06
500.6	7.2542e-06
500.8	5.8338e-06
501.0	5.8921e-06
501.2	7.0057e-06
501.4	7.1674e-06
501.6	7.6678e-06
501.8	7.0995e-06
502.0	6.5982e-06
502.2	8.1268e-06
502.4	9.2449e-06
502.6	1.3912e-05
502.8	2.3692e-05
503.0	3.1671e-05
503.2	4.366e-05
503.4	7.7864e-05
503.6	1.4159e-04
503.8	1.6684e-04
504.0	1.1766e-04
504.2	6.5662e-05
504.4	4.3063e-05
504.6	3.1929e-05
504.8	2.25e-05
505.0	1.7002e-05
505.2	1.5509e-05
505.4	1.3202e-05
505.6	1.1176e-05
505.8	9.6844e-06
506.0	1.1596e-05
506.2	1.3237e-05
506.4	1.3563e-05
506.6	1.3397e-05
506.8	1.5437e-05
507.0	1.9491e-05
507.2	2.4001e-05
507.4	3.3221e-05
507.6	4.7539e-05
507.8	7.7174e-05
508.0	1.2177e-04
508.2	1.5838e-04
508.4	1.4976e-04
508.6	1.0594e-04
508.8	6.6896e-05
509.0	4.3761e-05
509.2	3.1918e-05
509.4	2.4823e-05
509.6	1.8471e-05
509.8	1.6865e-05
510.0	1.4915e-05
510.2	1.4094e-05
510.4	1.3375e-05
510.6	1.2411e-05
510.8	1.296e-05
511.0	1.5349e-05
511.2	1.587e-05
511.4	1.8377e-05
511.6	2.3529e-05
511.8	2.8565e-05
512.0	3.679e-05
512.2	4.7592e-05
512.4	5.1302e-05
512.6	4.5813e-05
512.8	3.5143e-05
513.0	2.3495e-05
513.2	1.712e-05
513.4	1.2694e-05
513.6	8.7568e-06
513.8	7.1368e-06
514.0	5.8921e-06
514.2	5.0503e-06
514.4	5.1425e-06
514.6	4.5069e-06
514.8	3.7466e-06
515.0	3.2783e-06
515.2	3.094e-06
515.4	3.6152e-06
515.6	3.7845e-06
515.8	4.3878e-06
516.0	4.8011e-06
516.2	5.5141e-06
516.4	6.4976e-06
516.6	6.9163e-06
516.8	9.3442e-06
517.0	8.9186e-06
517.2	1.0497e-05
517.4	9.5065e-06
517.6	7.512e-06
517.8	5.9855e-06
518.0	5.3002e-06
518.2	4.5157e-06
518.4	3.1377e-06
518.6	3.0447e-06
518.8	2.8562e-06
519.0	3.3695e-06
519.2	2.0108e-06
519.4	2.3388e-06
519.6	2.2835e-06
519.8	2.4018e-06
520.0	1.9699e-06
520.2	1.9216e-06
520.4	3.716e-06
520.6	4.6618e-06
520.8	5.5067e-06
521.0	7.7464e-06
521.2	9.0174e-06
521.4	8.648e-06
521.6	7.9478e-06
521.8	6.0802e-06
522.0	4.9534e-06
522.2	2.894e-06
522.4	2.7528e-06
522.6	2.4969e-06
522.8	1.8326e-06
523.0	8.2885e-07
523.2	1.0209e-06
523.4	1.4565e-06
523.6	9.2136e-07
523.8	1.0235e-06
524.0	1.0571e-06
524.2	6.8107e-07
524.4	9.4293e-07
524.6	9.0853e-07
524.8	1.4325e-06
525.0	1.2508e-06
525.2	2.7441e-06
525.4	4.1388e-06
525.6	5.3372e-06
525.8	5.5088e-06
526.0	4.1466e-06
526.2	3.6325e-06
526.4	2.0113e-06
526.6	1.287e-06
526.8	8.121e-07
527.0	6.0005e-07
527.2	6.3443e-07
527.4	7.2419e-07
527.6	1.4531e-07
527.8	1.9073e-07
528.0	1.0653e-07
528.2	1.0632e-07
528.4	3.3548e-07
528.6	5.0199e-07
528.8	2.5205e-07
529.0	7.3941e-07
529.2	4.6192e-07
529.4	1.0973e-07
529.6	4.42e-07
529.8	5.6586e-07
530.0	9.6209e-07
530.2	1.5827e-06
530.4	1.5702e-06
530.6	3.5952e-06
530.8	3.9589e-06
531.0	3.4881e-06
531.2	2.2429e-06
531.4	1.0357e-06
531.6	1.3726e-06
531.8	9.4532e-07
532.0	2.3362e-07
532.2	2.3496e-07
532.4	1.051e-07
532.6	1.0072e-07
532.8	1.0058e-07
533.0	1.0031e-07
533.2	1.6813e-07
533.4	1.0404e-07
533.6	3.2892e-07
533.8	1.5826e-07
534.0	4.9257e-07
534.2	2.685e-07
534.4	2.8807e-07
534.6	1.2277e-07
534.8	6.7532e-07
535.0	1.0307e-06
535.2	1.7011e-06
535.4	3.2758e-06
535.6	4.7069e-06
535.8	2.7793e-06
536.0	1.7459e-06
536.2	9.5314e-07
536.4	6.9419e-07
536.6	5.0596e-07
536.8	5.2971e-07
537.0	2.6873e-07
537.2	3.1889e-07
537.4	1.1143e-07
537.6	5.1234e-07
537.8	1.1478e-07
538.0	1.9093e-07
538.2	4.7085e-07
538.4	5.1007e-07
538.6	9.4982e-08
538.8	9.4749e-08
539.0	9.4616e-08
539.2	1.912e-07
539.4	1.1354e-07
539.6	5.3658e-07
539.8	1.2117e-07
540.0	3.5209e-07
540.2	8.5569e-07
540.4	1.5278e-06
540.6	2.9321e-06
540.8	3.3305e-06
541.0	1.998e-06
541.2	5.9512e-07
541.4	3.7567e-07
541.6	4.6796e-07
541.8	2.8195e-07
542.0	9.3206e-08
542.2	2.9806e-07
542.4	1.3781e-07
542.6	9.2516e-08
542.8	9.2347e-08
543.0	2.5017e-07
543.2	2.5589e-07
543.4	2.6174e-07
543.6	2.6773e-07
543.8	2.777e-07
544.0	2.9216e-07
544.2	3.0738e-07
544.4	3.234e-07
544.6	3.4025e-07
544.8	3.5797e-07
545.0	3.7662e-07
545.2	3.9624e-07
545.4	4.1688e-07
545.6	4.386e-07
545.8	4.6145e-07
546.0	4.8549e-07
546.2	5.1079e-07
546.4	5.374e-07
546.6	5.6539e-07
546.8	5.9485e-07
547.0	6.2584e-07
547.2	6.5844e-07
547.4	6.9195e-07
547.6	6.9518e-07
547.8	6.9843e-07
548.0	7.017e-07
548.2	7.0498e-07
548.4	7.0827e-07
548.6	7.1158e-07
548.8	7.1491e-07
549.0	7.1825e-07
549.2	7.2161e-07
549.4	7.2498e-07
549.6	7.2837e-07
549.8	7.3177e-07
550.0	7.3519e-07
550.2	7.3863e-07
550.4	7.4208e-07
550.6	7.4555e-07
550.8	7.4904e-07
551.0	7.5254e-07
551.2	7.5704e-07
551.4	7.6231e-07
551.6	7.6762e-07
551.8	7.7297e-07
552.0	7.7836e-07
552.2	7.8378e-07
552.4	7.8924e-07
552.6	7.9474e-07
552.8	8.0028e-07
553.0	8.0586e-07
553.2	8.1147e-07
553.4	8.1712e-07
553.6	8.2282e-07
553.8	8.2855e-07
554.0	8.3432e-07
554.2	8.4014e-07
554.4	8.4599e-07
554.6	8.5189e-07
554.8	8.5637e-07
555.0	8.5026e-07
555.2	8.4419e-07
555.4	8.3816e-07
555.6	8.3218e-07
555.8	8.2623e-07
556.0	8.2034e-07
556.2	8.1448e-07
556.4	8.0866e-07
556.6	8.0289e-07
556.8	7.9716e-07
557.0	7.9147e-07
557.2	7.8582e-07
557.4	7.8021e-07
557.6	7.7464e-07
557.8	7.6911e-07
558.0	7.6362e-07
558.2	7.5816e-07
558.4	7.5275e-07
558.6	7.3592e-07
558.8	7.1436e-07
559.0	6.9344e-07
559.2	6.7313e-07
559.4	6.5341e-07
559.6	6.3428e-07
559.8	6.157e-07
560.0	5.9767e-07
560.2	5.8016e-07
560.4	5.6317e-07
560.6	5.4668e-07
560.8	5.3066e-07
561.0	5.1512e-07
561.2	5.0003e-07
561.4	4.8539e-07
561.6	4.7117e-07
561.8	4.5737e-07
562.0	4.4398e-07
562.2	4.4042e-07
562.4	4.6547e-07
562.6	4.9194e-07
562.8	5.1991e-07
563.0	5.4948e-07
563.2	5.8072e-07
563.4	6.1375e-07
563.6	6.4865e-07
563.8	6.8554e-07
564.0	7.2452e-07
564.2	7.6572e-07
564.4	8.0927e-07
564.6	8.5529e-07
564.8	9.0393e-07
565.0	9.5533e-07
565.2	1.0097e-06
565.4	1.0671e-06
565.6	1.1278e-06
565.8	1.1919e-06
566.0	1.2097e-06
566.2	1.2183e-06
566.4	1.2271e-06
566.6	1.2358e-06
566.8	1.2447e-06
567.0	1.2536e-06
567.2	1.2625e-06
567.4	1.2715e-06
567.6	1.2806e-06
567.8	1.2898e-06
568.0	1.299e-06
568.2	1.3083e-06
568.4	1.3176e-06
568.6	1.3271e-06
568.8	1.3366e-06
569.0	1.3461e-06
569.2	1.3557e-06
569.4	1.3654e-06
569.6	1.3723e-06
569.8	1.3754e-06
570.0	1.3785e-06
570.2	1.3816e-06
570.4	1.3847e-06
570.6	1.3878e-06
570.8	1.3909e-06
571.0	1.394e-06
571.2	1.3972e-06
571.4	1.4003e-06
571.6	1.4035e-06
571.8	1.4066e-06
572.0	1.4098e-06
572.2	1.4129e-06
572.4	1.4161e-06
572.6	1.4193e-06
572.8	1.4225e-06
573.0	1.4257e-06
573.2	1.4287e-06
573.4	1.4272e-06
573.6	1.4256e-06
573.8	1.424e-06
574.0	1.4224e-06
574.2	1.4208e-06
574.4	1.4193e-06
574.6	1.4177e-06
574.8	1.4161e-06
575.0	1.4146e-06
575.2	1.413e-06
575.4	1.4114e-06
575.6	1.4099e-06
575.8	1.4083e-06
576.0	1.4068e-06
576.2	1.4052e-06
576.4	1.4037e-06
576.6	1.4021e-06
576.8	1.4006e-06
577.0	1.3811e-06
577.2	1.3525e-06
577.4	1.3246e-06
577.6	1.2972e-06
577.8	1.2703e-06
578.0	1.244e-06
578.2	1.2183e-06
578.4	1.1931e-06
578.6	1.1684e-06
578.8	1.1442e-06
579.0	1.1206e-06
579.2	1.0974e-06
579.4	1.0747e-06
579.6	1.0524e-06
579.8	1.0306e-06
580.0	1.0093e-06
580.2	9.8844e-07
580.4	9.6799e-07
580.6	9.4543e-07
580.8	9.1676e-07
581.0	8.8895e-07
581.2	8.6199e-07
581.4	8.3584e-07
581.6	8.1049e-07
581.8	7.8591e-07
582.0	7.6207e-07
582.2	7.3896e-07
582.4	7.1654e-07
582.6	6.9481e-07
582.8	6.7374e-07
583.0	6.533e-07
583.2	6.3349e-07
583.4	6.1427e-07
583.6	5.9564e-07
583.8	5.7757e-07
584.0	5.6005e-07
584.2	5.4307e-07
584.4	4.9821e-07
584.6	4.5441e-07
584.8	4.1446e-07
585.0	3.7802e-07
585.2	3.4478e-07
585.4	3.1447e-07
585.6	2.8682e-07
585.8	2.6161e-07
586.0	2.3861e-07
586.2	2.1763e-07
586.4	1.985e-07
586.6	1.8104e-07
586.8	1.6513e-07
587.0	1.5061e-07
587.2	1.3737e-07
587.4	1.2529e-07
587.6	1.1428e-07
587.8	1.0423e-07
588.0	1.0e-07
588.2	1.0e-07
588.4	1.0e-07
588.6	1.0e-07
588.8	1.0e-07
589.0	1.0e-07
589.2	1.0e-07
589.4	1.0e-07
589.6	1.0e-07
589.8	1.0e-07
590.0	1.0e-07
590.2	1.0e-07
590.4	1.0e-07
590.6	1.0e-07
590.8	1.0e-07
591.0	1.0e-07
591.2	1.0e-07
591.4	1.0e-07
591.6	1.0e-07
591.8	1.0e-07
592.0	1.0e-07
592.2	1.0e-07
592.4	1.0e-07
592.6	1.0e-07
592.8	1.0e-07
593.0	1.0e-07
593.2	1.0e-07
593.4	1.0e-07
593.6	1.0e-07
593.8	1.0e-07
594.0	1.0e-07
594.2	1.0e-07
594.4	1.0e-07
594.6	1.0e-07
594.8	1.0e-07
595.0	1.0e-07
595.2	1.0e-07
595.4	1.0e-07
595.6	1.0e-07
595.8	1.0e-07
596.0	1.0e-07
596.2	1.0e-07
596.4	1.0e-07
596.6	1.0e-07
596.8	1.0e-07
597.0	1.0e-07
597.2	1.0e-07
597.4	1.0e-07
597.6	1.0e-07
597.8	1.0e-07
598.0	1.0e-07
598.2	1.0e-07
598.4	1.0e-07
598.6	1.0e-07
598.8	1.0e-07
599.0	1.0e-07
599.2	1.0e-07
599.4	1.0e-07
599.6	1.0e-07
599.8	1.0e-07
600.0	1.0e-07
600.2	1.0e-07
600.4	1.0e-07
600.6	1.0e-07
600.8	1.0e-07
601.0	1.0e-07
601.2	1.0e-07
601.4	1.0e-07
601.6	1.0e-07
601.8	1.0e-07
602.0	1.0e-07
602.2	1.0e-07
602.4	1.0e-07
602.6	1.0e-07
602.8	1.0e-07
603.0	1.0e-07
603.2	1.0e-07
603.4	1.0e-07
603.6	1.0e-07
603.8	1.0e-07
604.0	1.0e-07
604.2	1.0e-07
604.4	1.0e-07
604.6	1.0e-07
604.8	1.0e-07
605.0	1.0e-07
605.2	1.0e-07
605.4	1.0e-07
605.6	1.0e-07
605.8	1.0e-07
606.0	1.0e-07
606.2	1.0e-07
606.4	1.0e-07
606.6	1.0e-07
606.8	1.0e-07
607.0	1.0e-07
607.2	1.0e-07
607.4	1.0e-07
607.6	1.0e-07
607.8	1.0e-07
608.0	1.0e-07
608.2	1.0e-07
608.4	1.0e-07
608.6	1.0e-07
608.8	1.0e-07
609.0	1.0e-07
609.2	1.0e-07
609.4	1.0e-07
609.6	1.0e-07
609.8	1.0e-07
610.0	1.0e-07
610.2	1.0e-07
610.4	1.0e-07
610.6	1.0e-07
610.8	1.0e-07
611.0	1.0e-07
611.2	1.0e-07
611.4	1.0e-07
611.6	1.0e-07
611.8	1.0e-07
612.0	1.0e-07
612.2	1.0e-07
612.4	1.0e-07
612.6	1.0e-07
612.8	1.0e-07
613.0	1.0e-07
613.2	1.0e-07
613.4	1.0e-07
613.6	1.0e-07
613.8	1.0e-07
614.0	1.0e-07
614.2	1.0e-07
614.4	1.0e-07
614.6	1.0e-07
614.8	1.0e-07
615.0	1.0e-07
615.2	1.0e-07
615.4	1.0e-07
615.6	1.0e-07
615.8	1.0e-07
616.0	1.0e-07
616.2	1.0e-07
616.4	1.0e-07
616.6	1.0e-07
616.8	1.0e-07
617.0	1.0e-07
617.2	1.0e-07
617.4	1.0e-07
617.6	1.0e-07
617.8	1.0e-07
618.0	1.0e-07
618.2	1.0e-07
618.4	1.0e-07
618.6	1.0e-07
618.8	1.0e-07
619.0	1.0e-07
619.2	1.0e-07
619.4	1.0e-07
619.6	1.0e-07
619.8	1.0e-07
620.0	1.0e-07
620.2	1.0e-07
620.4	1.0e-07
620.6	1.0e-07
620.8	1.0e-07
621.0	1.0e-07
621.2	1.0e-07
621.4	1.0e-07
621.6	1.0e-07
621.8	1.0e-07
622.0	1.0e-07
622.2	1.0e-07
622.4	1.0e-07
622.6	1.0e-07
622.8	1.0e-07
623.0	1.0e-07
623.2	1.0e-07
623.4	1.0e-07
623.6	1.0e-07
623.8	1.0e-07
624.0	1.0e-07
624.2	1.0e-07
624.4	1.0e-07
624.6	1.0e-07
624.8	1.0e-07
625.0	1.0e-07
625.2	1.0e-07
625.4	1.0e-07
625.6	1.0e-07
625.8	1.0e-07
626.0	1.0e-07
626.2	1.0e-07
626.4	1.0e-07
626.6	1.0e-07
626.8	1.0e-07
627.0	1.0e-07
627.2	1.0e-07
627.4	1.0e-07
627.6	1.0e-07
627.8	1.0e-07
628.0	1.0e-07
628.2	1.0e-07
628.4	1.0e-07
628.6	1.0e-07
628.8	1.0e-07
629.0	1.0e-07
629.2	1.0e-07
629.4	1.0e-07
629.6	1.0e-07
629.8	1.0e-07
630.0	1.0e-07
630.2	1.0e-07
630.4	1.0e-07
630.6	1.0e-07
630.8	1.0e-07
631.0	1.0e-07
631.2	1.0e-07
631.4	1.0e-07
631.6	1.0e-07
631.8	1.0e-07
632.0	1.0e-07
632.2	1.0e-07
632.4	1.0e-07
632.6	1.0e-07
632.8	1.0e-07
633.0	1.0e-07
633.2	1.0e-07
633.4	1.0e-07
633.6	1.0e-07
633.8	1.0e-07
634.0	1.0e-07
634.2	1.0e-07
634.4	1.0e-07
634.6	1.0e-07
634.8	1.0e-07
635.0	1.0e-07
635.2	1.0e-07
635.4	1.0e-07
635.6	1.0e-07
635.8	1.0e-07
636.0	1.0e-07
636.2	1.0e-07
636.4	1.0e-07
636.6	1.0e-07
636.8	1.0e-07
637.0	1.0e-07
637.2	1.0e-07
637.4	1.0e-07
637.6	1.0e-07
637.8	1.0e-07
638.0	1.0e-07
638.2	1.0e-07
638.4	1.0e-07
638.6	1.0e-07
638.8	1.0e-07
639.0	1.0e-07
639.2	1.0e-07
639.4	1.0e-07
639.6	1.0e-07
639.8	1.0e-07
640.0	1.0e-07
640.2	1.0e-07
640.4	1.0e-07
640.6	1.0e-07
640.8	1.0e-07
641.0	1.0e-07
641.2	1.0e-07
641.4	1.0e-07
641.6	1.0e-07
641.8	1.0e-07
642.0	1.0e-07
642.2	1.0e-07
642.4	1.0e-07
642.6	1.0e-07
642.8	1.0e-07
643.0	1.0e-07
643.2	1.0e-07
643.4	1.0e-07
643.6	1.0e-07
643.8	1.0e-07
644.0	1.0e-07
644.2	1.0e-07
644.4	1.0e-07
644.6	1.0e-07
644.8	1.0e-07
645.0	1.0e-07
645.2	1.0e-07
645.4	1.0e-07
645.6	1.0e-07
645.8	1.0e-07
646.0	1.0e-07
646.2	1.0e-07
646.4	1.0e-07
646.6	1.0e-07
646.8	1.0e-07
647.0	1.0e-07
647.2	1.0e-07
647.4	1.0e-07
647.6	1.0e-07
647.8	1.0e-07
648.0	1.0e-07
648.2	1.0e-07
648.4	1.0e-07
648.6	1.0e-07
648.8	1.0e-07
649.0	1.0e-07
649.2	1.0e-07
649.4	1.0e-07
649.6	1.0e-07
649.8	1.0e-07
650.0	1.0e-07
650.2	1.0e-07
650.4	1.0e-07
650.6	1.0e-07
650.8	1.0e-07
651.0	1.0e-07
651.2	1.0e-07
651.4	1.0e-07
651.6	1.0e-07
651.8	1.0e-07
652.0	1.0e-07
652.2	1.0e-07
652.4	1.0e-07
652.6	1.0e-07
652.8	1.0e-07
653.0	1.0e-07
653.2	1.0e-07
653.4	1.0e-07
653.6	1.0e-07
653.8	1.0e-07
654.0	1.0e-07
654.2	1.0e-07
654.4	1.0e-07
654.6	1.0e-07
654.8	1.0e-07
655.0	1.0e-07
655.2	1.0e-07
655.4	1.0e-07
655.6	1.0e-07
655.8	1.0e-07
656.0	1.0e-07
656.2	1.0e-07
656.4	1.0e-07
656.6	1.0e-07
656.8	1.0e-07
657.0	1.0e-07
657.2	1.0e-07
657.4	1.0e-07
657.6	1.0e-07
657.8	1.0e-07
658.0	1.0e-07
658.2	1.0e-07
658.4	1.0e-07
658.6	1.0e-07
658.8	1.0e-07
659.0	1.0e-07
659.2	1.0e-07
659.4	1.0e-07
659.6	1.0e-07
659.8	1.0e-07
660.0	1.0e-07
660.2	1.0e-07
660.4	1.0e-07
660.6	1.0e-07
660.8	1.0e-07
661.0	1.0e-07
661.2	1.0e-07
661.4	1.0e-07
661.6	1.0e-07
661.8	1.0e-07
662.0	1.0e-07
662.2	1.0e-07
662.4	1.0e-07
662.6	1.0e-07
662.8	1.0e-07
663.0	1.0e-07
663.2	1.0e-07
663.4	1.0e-07
663.6	1.0e-07
663.8	1.0e-07
664.0	1.0e-07
664.2	1.0e-07
664.4	1.0e-07
664.6	1.0e-07
664.8	1.0e-07
665.0	1.0e-07
665.2	1.0e-07
665.4	1.0e-07
665.6	1.0e-07
665.8	1.0e-07
666.0	1.0e-07
666.2	1.0e-07
666.4	1.0e-07
666.6	1.0e-07
666.8	1.0e-07
667.0	1.0e-07
667.2	1.0e-07
667.4	1.0e-07
667.6	1.0e-07
667.8	1.0e-07
668.0	1.0e-07
668.2	1.0e-07
668.4	1.0e-07
668.6	1.0e-07
668.8	1.0e-07
669.0	1.0e-07
669.2	1.0e-07
669.4	1.0e-07
669.6	1.0e-07
669.8	1.0e-07
670.0	1.0e-07
670.2	1.0e-07
670.4	1.0e-07
670.6	1.0e-07
670.8	1.0e-07
671.0	1.0e-07
671.2	1.002e-07
671.4	1.0058e-07
671.6	1.0096e-07
671.8	1.0134e-07
672.0	1.0172e-07
672.2	1.021e-07
672.4	1.0248e-07
672.6	1.0286e-07
672.8	1.0325e-07
673.0	1.0364e-07
673.2	1.19e-07
673.4	1.3664e-07
673.6	1.5689e-07
673.8	1.8015e-07
674.0	2.0213e-07
674.2	2.0337e-07
674.4	2.0462e-07
674.6	2.0588e-07
674.8	2.0715e-07
675.0	2.0842e-07
675.2	2.0971e-07
675.4	2.11e-07
675.6	2.1229e-07
675.8	2.136e-07
676.0	2.1492e-07
676.2	2.1624e-07
676.4	2.1757e-07
676.6	2.1891e-07
676.8	2.2025e-07
677.0	2.2161e-07
677.2	2.2297e-07
677.4	2.2435e-07
677.6	2.2573e-07
677.8	2.265e-07
678.0	2.2717e-07
678.2	2.2784e-07
678.4	2.2852e-07
678.6	2.2919e-07
678.8	2.2987e-07
679.0	2.3055e-07
679.2	2.3124e-07
679.4	2.3192e-07
679.6	2.3261e-07
679.8	2.333e-07
680.0	2.3399e-07
680.2	2.3468e-07
680.4	2.3538e-07
680.6	2.3608e-07
680.8	2.3678e-07
681.0	2.3748e-07
681.2	2.3818e-07
681.4	2.3942e-07
681.6	2.4109e-07
681.8	2.4278e-07
682.0	2.4447e-07
682.2	2.4618e-07
682.4	2.479e-07
682.6	2.4963e-07
682.8	2.5137e-07
683.0	2.5313e-07
683.2	2.549e-07
683.4	2.5668e-07
683.6	2.5847e-07
683.8	2.6028e-07
684.0	2.6209e-07
684.2	2.6393e-07
684.4	2.6577e-07
684.6	2.6762e-07
684.8	2.6949e-07
685.0	2.6578e-07
685.2	2.474e-07
685.4	2.3029e-07
685.6	2.1437e-07
685.8	1.9955e-07
686.0	1.8575e-07
686.2	1.729e-07
686.4	1.6095e-07
686.6	1.4982e-07
686.8	1.3946e-07
687.0	1.2981e-07
687.2	1.2084e-07
687.4	1.1248e-07
687.6	1.047e-07
687.8	9.7462e-08
688.0	9.0722e-08
688.2	8.4449e-08
688.4	7.8609e-08
688.6	7.3173e-08
688.8	6.8113e-08
689.0	6.3403e-08
689.2	5.9019e-08
689.4	5.4938e-08
689.6	5.1139e-08
689.8	4.7602e-08
690.0	4.7464e-08
690.2	4.8918e-08
690.4	5.0417e-08
690.6	5.1962e-08
690.8	5.3554e-08
691.0	5.5195e-08
691.2	5.6887e-08
691.4	5.863e-08
691.6	6.0427e-08
691.8	6.2278e-08
692.0	6.4187e-08
692.2	6.6154e-08
692.4	6.8181e-08
692.6	7.027e-08
692.8	7.2423e-08
693.0	7.4643e-08
693.2	7.693e-08
693.4	7.8507e-08
693.6	7.7835e-08
693.8	7.7169e-08
694.0	7.6508e-08
694.2	7.5854e-08
694.4	7.5204e-08
694.6	7.4561e-08
694.8	7.3923e-08
695.0	7.329e-08
695.2	7.2663e-08
695.4	7.2041e-08
695.6	7.1424e-08
695.8	7.0813e-08
696.0	7.0207e-08
696.2	6.9606e-08
696.4	6.901e-08
696.6	6.8419e-08
696.8	6.7834e-08
697.0	6.7253e-08
697.2	6.6677e-08
697.4	6.6107e-08
697.6	6.5541e-08
697.8	6.498e-08
698.0	6.4424e-08
698.2	6.3872e-08
698.4	6.401e-08
698.6	6.4378e-08
698.8	6.4747e-08
699.0	6.5119e-08
699.2	6.5494e-08
699.4	6.587e-08
699.6	6.6248e-08
699.8	6.6629e-08
700.0	6.7012e-08
700.2	6.7397e-08
700.4	6.7784e-08
700.6	6.8173e-08
700.8	6.8565e-08
701.0	6.8959e-08
701.2	6.9355e-08
701.4	6.9754e-08
701.6	7.0154e-08
701.8	7.0558e-08
702.0	7.0963e-08
702.2	7.1371e-08
702.4	7.1781e-08
702.6	7.2193e-08
702.8	7.2608e-08
703.0	7.3025e-08
703.2	7.3326e-08
703.4	7.3272e-08
703.6	7.3218e-08
703.8	7.3164e-08
704.0	7.311e-08
704.2	7.3056e-08
704.4	7.3002e-08
704.6	7.2948e-08
704.8	7.2895e-08
705.0	7.2841e-08
705.2	7.2787e-08
705.4	7.2733e-08
705.6	7.268e-08
705.8	7.2626e-08
706.0	7.2573e-08
706.2	7.2519e-08
706.4	7.2466e-08
706.6	7.2412e-08
706.8	7.2359e-08
707.0	7.2306e-08
707.2	7.2252e-08
707.4	7.2199e-08
707.6	7.2146e-08
707.8	7.2093e-08
708.0	7.2039e-08
708.2	7.2017e-08
708.4	7.2004e-08
708.6	7.1992e-08
708.8	7.198e-08
709.0	7.1967e-08
709.2	7.1955e-08
709.4	7.1942e-08
709.6	7.193e-08
709.8	7.1918e-08
710.0	7.1905e-08
710.2	7.1893e-08
710.4	7.188e-08
710.6	7.1868e-08
710.8	7.1856e-08
711.0	7.1843e-08
711.2	7.1831e-08
711.4	7.1818e-08
711.6	7.1806e-08
711.8	7.1794e-08
712.0	7.1781e-08
712.2	7.1769e-08
712.4	7.1757e-08
712.6	7.1744e-08
712.8	7.1732e-08
713.0	7.1835e-08
713.2	7.2278e-08
713.4	7.2723e-08
713.6	7.3171e-08
713.8	7.3621e-08
714.0	7.4075e-08
714.2	7.4531e-08
714.4	7.499e-08
714.6	7.5452e-08
714.8	7.5917e-08
715.0	7.6385e-08
715.2	7.6855e-08
715.4	7.7329e-08
715.6	7.7805e-08
715.8	7.8284e-08
716.0	7.8766e-08
716.2	7.9252e-08
716.4	7.974e-08
716.6	8.0231e-08
716.8	8.0725e-08
717.0	8.1223e-08
717.2	8.1723e-08
717.4	8.2226e-08
717.6	8.2733e-08
717.8	8.3242e-08
718.0	8.2773e-08
718.2	8.1975e-08
718.4	8.1185e-08
718.6	8.0402e-08
718.8	7.9627e-08
719.0	7.886e-08
719.2	7.8099e-08
719.4	7.7346e-08
719.6	7.6601e-08
719.8	7.5862e-08
720.0	7.5131e-08
720.2	7.4407e-08
720.4	7.3689e-08
720.6	7.2979e-08
720.8	7.2275e-08
721.0	7.1579e-08
721.2	7.0889e-08
721.4	7.0205e-08
721.6	6.9528e-08
721.8	6.8858e-08
722.0	6.8194e-08
722.2	6.7537e-08
722.4	6.6886e-08
722.6	6.6241e-08
722.8	6.5971e-08
723.0	6.6876e-08
723.2	6.7795e-08
723.4	6.8726e-08
723.6	6.9669e-08
723.8	7.0626e-08
724.0	7.1596e-08
724.2	7.2579e-08
724.4	7.3575e-08
724.6	7.4585e-08
724.8	7.5609e-08
725.0	7.6648e-08
725.2	7.77e-08
725.4	7.8767e-08
725.6	7.9848e-08
725.8	8.0945e-08
726.0	8.2056e-08
726.2	8.3183e-08
726.4	8.4325e-08
726.6	8.5483e-08
726.8	8.6657e-08
727.0	8.7846e-08
727.2	8.9053e-08
727.4	9.0275e-08
727.6	9.1515e-08
727.8	9.1973e-08
728.0	9.2161e-08
728.2	9.2348e-08
728.4	9.2536e-08
728.6	9.2725e-08
728.8	9.2914e-08
729.0	9.3103e-08
729.2	9.3293e-08
729.4	9.3483e-08
729.6	9.3674e-08
729.8	9.3864e-08
730.0	9.4056e-08
730.2	9.4247e-08
730.4	9.4439e-08
730.6	9.4632e-08
730.8	9.4825e-08
731.0	9.5018e-08
731.2	9.5211e-08
731.4	9.5405e-08
731.6	9.56e-08
731.8	9.5795e-08
732.0	9.599e-08
732.2	9.6185e-08
732.4	9.6381e-08
732.6	9.6685e-08
732.8	9.7306e-08
733.0	9.793e-08
733.2	9.8558e-08
733.4	9.9191e-08
733.6	9.9827e-08
733.8	1.0047e-07
734.0	1.0111e-07
734.2	1.0176e-07
734.4	1.0241e-07
734.6	1.0307e-07
734.8	1.0373e-07
735.0	1.044e-07
735.2	1.0507e-07
735.4	1.0574e-07
735.6	1.0642e-07
735.8	1.071e-07
736.0	1.0779e-07
736.2	1.0848e-07
736.4	1.0918e-07
736.6	1.0988e-07
736.8	1.1058e-07
737.0	1.1129e-07
737.2	1.1201e-07
737.4	1.1273e-07
737.6	1.1339e-07
737.8	1.1403e-07
738.0	1.1467e-07
738.2	1.1532e-07
738.4	1.1597e-07
738.6	1.1663e-07
738.8	1.1729e-07
739.0	1.1795e-07
739.2	1.1862e-07
739.4	1.1929e-07
739.6	1.1997e-07
739.8	1.2065e-07
740.0	1.2133e-07
740.2	1.2202e-07
740.4	1.2271e-07
740.6	1.234e-07
740.8	1.241e-07
741.0	1.248e-07
741.2	1.2551e-07
741.4	1.2577e-07
741.6	1.2599e-07
741.8	1.2621e-07
742.0	1.2642e-07
742.2	1.2664e-07
742.4	1.2686e-07
742.6	1.2708e-07
742.8	1.273e-07
743.0	1.2752e-07
743.2	1.2775e-07
743.4	1.2797e-07
743.6	1.2819e-07
743.8	1.2841e-07
744.0	1.2863e-07
744.2	1.2886e-07
744.4	1.2908e-07
744.6	1.2931e-07
744.8	1.299e-07
745.0	1.3079e-07
745.2	1.3169e-07
745.4	1.326e-07
745.6	1.3351e-07
745.8	1.3443e-07
746.0	1.3536e-07
746.2	1.3629e-07
746.4	1.3723e-07
746.6	1.3817e-07
746.8	1.3912e-07
747.0	1.4008e-07
747.2	1.3607e-07
747.4	1.3144e-07
747.6	1.2696e-07
747.8	1.2264e-07
748.0	1.1847e-07
748.2	1.1443e-07
748.4	1.1054e-07
748.6	6.0811e-08
748.8	6.0817e-08
749.0	1.6278e-07
749.2	6.1023e-08
749.4	6.589e-08
749.6	8.8063e-08
749.8	6.8438e-08
750.0	9.959e-08
750.2	7.5717e-08
750.4	1.8514e-07
750.6	7.5927e-08
750.8	7.5946e-08
751.0	9.334e-08
751.2	8.994e-08
751.4	7.0148e-08
751.6	6.2189e-08
751.8	6.2215e-08
752.0	6.2383e-08
752.2	6.2616e-08
752.4	8.3278e-08
752.6	2.4189e-07
752.8	2.4705e-07
753.0	6.2973e-08
753.2	6.3004e-08
753.4	2.1435e-07
753.6	6.317e-08
753.8	6.3518e-08
754.0	6.3564e-08
754.2	6.3448e-08
754.4	1.3099e-07
754.6	1.7378e-07
754.8	9.026e-08
755.0	6.4155e-08
755.2	6.4002e-08
755.4	7.0265e-08
755.6	2.217e-07
755.8	1.2218e-07
756.0	8.2031e-08
756.2	6.4593e-08
756.4	1.2396e-07
756.6	7.277e-08
756.8	8.4397e-08
757.0	2.1321e-07
757.2	6.4725e-08
757.4	1.2777e-07
757.6	2.029e-07
757.8	4.8e-07
758.0	1.9633e-07
758.2	6.5206e-07
758.4	6.9855e-07
758.6	8.5912e-07
758.8	1.185e-06
759.0	1.3433e-06
759.2	1.906e-06
759.4	2.3624e-06
759.6	3.3682e-06
759.8	4.0951e-06
760.0	6.2254e-06
760.2	8.3853e-06
760.4	1.0738e-05
760.6	1.5639e-05
760.8	2.2187e-05
761.0	3.1885e-05
761.2	4.5176e-05
761.4	6.2785e-05
761.6	9.2837e-05
761.8	1.3176e-04
762.0	1.92e-04
762.2	2.792e-04
762.4	4.1056e-04
762.6	6.0359e-04
762.8	9.2934e-04
763.0	0.00143
763.2	0.00216
763.4	0.0033
763.6	0.0051
763.8	0.00785
764.0	0.01224
764.2	0.0177
764.4	0.02795
764.6	0.04438
764.8	0.07118
765.0	0.1137
765.2	0.18063
765.4	0.28059
765.6	0.40639
765.8	0.56478
766.0	0.7207
766.2	0.84648
766.4	0.92537
766.6	0.96485
766.8	0.97972
767.0	0.98233
767.2	0.98058
767.4	0.97812
767.6	0.97738
767.8	0.97754
768.0	0.97805
768.2	0.9796
768.4	0.98012
768.6	0.98098
768.8	0.98046
769.0	0.97878
769.2	0.97739
769.4	0.9755
769.6	0.9742
769.8	0.97217
770.0	0.97102
770.2	0.96979
770.4	0.96939
770.6	0.9688
770.8	0.96908
771.0	0.96933
771.2	0.97019
771.4	0.97119
771.6	0.97173
771.8	0.97143
772.0	0.97208
772.2	0.97284
772.4	0.97315
772.6	0.97322
772.8	0.97256
773.0	0.97219
773.2	0.97259
773.4	0.97326
773.6	0.97331
773.8	0.97291
774.0	0.97418
774.2	0.975
774.4	0.97633
774.6	0.97733
774.8	0.9787
775.0	0.98036
775.2	0.98175
775.4	0.98398
775.6	0.98541
775.8	0.98734
776.0	0.98884
776.2	0.99031
776.4	0.99155
776.6	0.99307
776.8	0.99341
777.0	0.99359
777.2	0.99402
777.4	0.99377
777.6	0.99338
777.8	0.99296
778.0	0.99198
778.2	0.99132
778.4	0.99031
778.6	0.98929
778.8	0.98835
779.0	0.98712
779.2	0.98596
779.4	0.98507
779.6	0.98472
779.8	0.98342
780.0	0.98179
780.2	0.98146
780.4	0.98156
780.6	0.98128
780.8	0.97975
781.0	0.98032
781.2	0.98013
781.4	0.97965
781.6	0.97971
781.8	0.97966
782.0	0.98013
782.2	0.98007
782.4	0.97975
782.6	0.97988
782.8	0.98006
783.0	0.9804
783.2	0.98044
783.4	0.98032
783.6	0.98109
783.8	0.98094
784.0	0.98078
784.2	0.98121
784.4	0.98176
784.6	0.98243
784.8	0.98254
785.0	0.98316
785.2	0.98341
785.4	0.98415
785.6	0.98408
785.8	0.98495
786.0	0.98581
786.2	0.9857
786.4	0.986
786.6	0.98687
786.8	0.98703
787.0	0.98753
787.2	0.98798
787.4	0.98838
787.6	0.98864
787.8	0.98934
788.0	0.98943
788.2	0.9894
788.4	0.98943
788.6	0.98904
788.8	0.98924
789.0	0.98867
789.2	0.98806
789.4	0.98762
789.6	0.98733
789.8	0.98686
790.0	0.98617
790.2	0.98528
790.4	0.98486
790.6	0.98368
790.8	0.98313
791.0	0.98241
791.2	0.98161
791.4	0.98082
791.6	0.98062
791.8	0.97994
792.0	0.97921
792.2	0.97858
792.4	0.9784
792.6	0.97803
792.8	0.97633
793.0	0.97649
793.2	0.97604
793.4	0.97587
793.6	0.97565
793.8	0.97559
794.0	0.97513
794.2	0.97493
794.4	0.97433
794.6	0.97441
794.8	0.97417
795.0	0.97171
795.2	0.97248
795.4	0.97202
795.6	0.97123
795.8	0.97073
796.0	0.97183
796.2	0.97139
796.4	0.97084
796.6	0.97164
796.8	0.97173
797.0	0.97151
797.2	0.97183
797.4	0.97254
797.6	0.97361
797.8	0.97348
798.0	0.97428
798.2	0.9745
798.4	0.97524
798.6	0.97575
798.8	0.97711
799.0	0.97768
799.2	0.97862
799.4	0.97936
799.6	0.98032
799.8	0.98103
800.0	0.98258
800.2	0.98388
800.4	0.98422
800.6	0.98488
800.8	0.98636
801.0	0.98642
801.2	0.98743
801.4	0.98867
801.6	0.98978
801.8	0.98895
802.0	0.98841
802.2	0.98831
802.4	0.98897
802.6	0.98897
802.8	0.98847
803.0	0.98769
803.2	0.98719
803.4	0.98668
803.6	0.98608
803.8	0.9847
804.0	0.98365
804.2	0.98278
804.4	0.9822
804.6	0.98067
804.8	0.97929
805.0	0.97808
805.2	0.97664
805.4	0.97524
805.6	0.97373
805.8	0.97282
806.0	0.97156
806.2	0.97069
806.4	0.96996
806.6	0.96882
806.8	0.96809
807.0	0.96775
807.2	0.96736
807.4	0.96753
807.6	0.96745
807.8	0.96756
808.0	0.96777
808.2	0.96826
808.4	0.96901
808.6	0.96989
808.8	0.9707
809.0	0.97183
809.2	0.97259
809.4	0.97365
809.6	0.975
809.8	0.97615
810.0	0.97708
810.2	0.97857
810.4	0.98022
810.6	0.9814
810.8	0.98247
811.0	0.98411
811.2	0.98483
811.4	0.98576
811.6	0.98685
811.8	0.98741
812.0	0.9876
812.2	0.9879
812.4	0.9882
812.6	0.98815
812.8	0.98832
813.0	0.98796
813.2	0.98781
813.4	0.98751
813.6	0.98667
813.8	0.98604
814.0	0.98586
814.2	0.98471
814.4	0.98383
814.6	0.98302
814.8	0.98149
815.0	0.98082
815.2	0.98008
815.4	0.9791
815.6	0.97819
815.8	0.97703
816.0	0.9762
816.2	0.97538
816.4	0.97445
816.6	0.97438
816.8	0.9731
817.0	0.9727
817.2	0.97256
817.4	0.97199
817.6	0.97166
817.8	0.97118
818.0	0.97104
818.2	0.97069
818.4	0.97061
818.6	0.97053
818.8	0.97094
819.0	0.9714
819.2	0.97112
819.4	0.97135
819.6	0.97163
819.8	0.97203
820.0	0.97252
820.2	0.97247
820.4	0.97267
820.6	0.97307
820.8	0.97304
821.0	0.97343
821.2	0.97382
821.4	0.97421
821.6	0.9744
821.8	0.97494
822.0	0.97503
822.2	0.97534
822.4	0.9758
822.6	0.97619
822.8	0.97632
823.0	0.97667
823.2	0.97664
823.4	0.97712
823.6	0.97736
823.8	0.97783
824.0	0.97815
824.2	0.97822
824.4	0.97832
824.6	0.97848
824.8	0.97888
825.0	0.97893
825.2	0.97962
825.4	0.97974
825.6	0.9803
825.8	0.98009
826.0	0.98016
826.2	0.98067
826.4	0.98085
826.6	0.981
826.8	0.98151
827.0	0.98152
827.2	0.98202
827.4	0.98182
827.6	0.98161
827.8	0.98192
828.0	0.98193
828.2	0.9819
828.4	0.98173
828.6	0.98206
828.8	0.98148
829.0	0.98182
829.2	0.98157
829.4	0.98152
829.6	0.9813
829.8	0.98117
830.0	0.98104
830.2	0.98127
830.4	0.981
830.6	0.9806
830.8	0.98063
831.0	0.98074
831.2	0.98075
831.4	0.98033
831.6	0.98048
831.8	0.9802
832.0	0.97953
832.2	0.97974
832.4	0.97954
832.6	0.97929
832.8	0.97943
833.0	0.97924
833.2	0.97919
833.4	0.97898
833.6	0.97888
833.8	0.97849
834.0	0.9787
834.2	0.97834
834.4	0.97858
834.6	0.97849
834.8	0.97856
835.0	0.97824
835.2	0.97814
835.4	0.97818
835.6	0.97831
835.8	0.97805
836.0	0.97761
836.2	0.97732
836.4	0.9773
836.6	0.97741
836.8	0.97743
837.0	0.97736
837.2	0.97752
837.4	0.97765
837.6	0.97716
837.8	0.97762
838.0	0.97742
838.2	0.97748
838.4	0.97791
838.6	0.97774
838.8	0.97829
839.0	0.97836
839.2	0.97856
839.4	0.97897
839.6	0.97907
839.8	0.97987
840.0	0.97995
840.2	0.98031
840.4	0.98024
840.6	0.98115
840.8	0.98132
841.0	0.98159
841.2	0.98193
841.4	0.9814
841.6	0.98175
841.8	0.98217
842.0	0.98158
842.2	0.98159
842.4	0.98121
842.6	0.98087
842.8	0.98032
843.0	0.98005
843.2	0.97899
843.4	0.97804
843.6	0.97717
843.8	0.9765
844.0	0.97524
844.2	0.97411
844.4	0.97383
844.6	0.97237
844.8	0.97161
845.0	0.97035
845.2	0.96978
845.4	0.96944
845.6	0.96895
845.8	0.96915
846.0	0.96924
846.2	0.9692
846.4	0.9701
846.6	0.97101
846.8	0.97211
847.0	0.9735
847.2	0.9745
847.4	0.97601
847.6	0.97807
847.8	0.97914
848.0	0.98083
848.2	0.98216
848.4	0.98298
848.6	0.98351
848.8	0.98369
849.0	0.9832
849.2	0.98263
849.4	0.98108
849.6	0.97868
849.8	0.97665
850.0	0.97414
850.2	0.97103
850.4	0.96792
850.6	0.96506
850.8	0.96289
851.0	0.96175
851.2	0.96146
851.4	0.96213
851.6	0.96486
851.8	0.9684
852.0	0.973
852.2	0.97805
852.4	0.98157
852.6	0.98195
852.8	0.97543
853.0	0.95817
853.2	0.92484
853.4	0.8716
853.6	0.79816
853.8	0.70636
854.0	0.60436
854.2	0.50116
854.4	0.40488
854.6	0.35072
854.8	0.27465
855.0	0.21242
855.2	0.16343
855.4	0.12559
855.6	0.09652
855.8	0.07455
856.0	0.05854
856.2	0.04552
856.4	0.03558
856.6	0.02803
856.8	0.02217
857.0	0.01764
857.2	0.01453
857.4	0.0117
857.6	0.00941
857.8	0.00761
858.0	0.00623
858.2	0.00508
858.4	0.00417
858.6	0.00343
858.8	0.00284
859.0	0.00234
859.2	0.00196
859.4	0.00163
859.6	0.00137
859.8	0.00114
860.0	9.5537e-04
860.2	8.0825e-04
860.4	6.8292e-04
860.6	5.8519e-04
860.8	4.9742e-04
861.0	4.2378e-04
861.2	3.6758e-04
861.4	3.1709e-04
861.6	2.7182e-04
861.8	2.3232e-04
862.0	2.0097e-04
862.2	1.7393e-04
862.4	1.5048e-04
862.6	1.3073e-04
862.8	1.134e-04
863.0	9.8427e-05
863.2	8.5555e-05
863.4	7.468e-05
863.6	6.5837e-05
863.8	5.6422e-05
864.0	4.9424e-05
864.2	4.3855e-05
864.4	3.9042e-05
864.6	3.4085e-05
864.8	3.0098e-05
865.0	2.6061e-05
865.2	2.3002e-05
865.4	2.026e-05
865.6	1.8422e-05
865.8	1.6392e-05
866.0	1.4113e-05
866.2	1.2396e-05
866.4	1.1483e-05
866.6	1.0114e-05
866.8	8.9408e-06
867.0	8.1176e-06
867.2	7.2166e-06
867.4	6.4598e-06
867.6	5.8217e-06
867.8	5.0434e-06
868.0	4.6032e-06
868.2	4.1792e-06
868.4	3.7639e-06
868.6	3.3511e-06
868.8	2.9122e-06
869.0	2.7726e-06
869.2	2.4404e-06
869.4	2.2423e-06
869.6	2.126e-06
869.8	1.899e-06
870.0	1.8318e-06
870.2	1.6253e-06
870.4	1.3612e-06
870.6	1.2762e-06
870.8	1.2625e-06
871.0	1.2489e-06
871.2	1.2355e-06
871.4	1.2223e-06
871.6	1.2091e-06
871.8	1.1962e-06
872.0	1.1742e-06
872.2	1.1252e-06
872.4	1.0783e-06
872.6	1.0334e-06
872.8	9.9029e-07
873.0	9.4901e-07
873.2	9.0946e-07
873.4	8.7155e-07
873.6	8.3522e-07
873.8	8.0041e-07
874.0	7.6704e-07
874.2	7.3507e-07
874.4	7.0443e-07
874.6	6.7507e-07
874.8	6.4693e-07
875.0	6.1997e-07
875.2	5.9413e-07
875.4	5.6969e-07
875.6	5.5654e-07
875.8	5.437e-07
876.0	5.3116e-07
876.2	5.189e-07
876.4	5.0693e-07
876.6	4.9523e-07
876.8	4.838e-07
877.0	4.7264e-07
877.2	4.6173e-07
877.4	4.5108e-07
877.6	4.4067e-07
877.8	4.305e-07
878.0	4.2056e-07
878.2	4.1086e-07
878.4	4.0138e-07
878.6	3.9212e-07
878.8	3.8307e-07
879.0	3.7423e-07
879.2	3.6559e-07
879.4	3.5716e-07
879.6	3.4892e-07
879.8	3.4086e-07
880.0	3.33e-07
880.2	3.2532e-07
880.4	3.2195e-07
880.6	3.2244e-07
880.8	3.2293e-07
881.0	3.2342e-07
881.2	3.2392e-07
881.4	3.2441e-07
881.6	3.2491e-07
881.8	3.254e-07
882.0	3.259e-07
882.2	3.264e-07
882.4	3.269e-07
882.6	3.274e-07
882.8	3.279e-07
883.0	3.284e-07
883.2	3.289e-07
883.4	3.294e-07
883.6	3.299e-07
883.8	3.3041e-07
884.0	3.3091e-07
884.2	3.3142e-07
884.4	3.3192e-07
884.6	3.3243e-07
884.8	3.3294e-07
885.0	3.3345e-07
885.2	3.3391e-07
885.4	3.3131e-07
885.6	3.2873e-07
885.8	3.2617e-07
886.0	3.2363e-07
886.2	3.2111e-07
886.4	3.1861e-07
886.6	3.1613e-07
886.8	3.1367e-07
887.0	3.1123e-07
887.2	3.088e-07
887.4	3.064e-07
887.6	3.0401e-07
887.8	3.0165e-07
888.0	2.993e-07
888.2	2.9697e-07
888.4	2.9466e-07
888.6	2.9236e-07
888.8	2.9009e-07
889.0	2.8783e-07
889.2	2.8559e-07
889.4	2.8336e-07
889.6	2.8116e-07
889.8	2.7897e-07
890.0	2.768e-07
890.2	2.755e-07
890.4	2.7504e-07
890.6	2.7458e-07
890.8	2.7412e-07
891.0	2.7365e-07
891.2	2.7319e-07
891.4	2.7274e-07
891.6	2.7228e-07
891.8	2.7182e-07
892.0	2.7136e-07
892.2	2.7091e-07
892.4	2.7045e-07
892.6	2.7e-07
892.8	2.6954e-07
893.0	2.6909e-07
893.2	2.6864e-07
893.4	2.6819e-07
893.6	2.6774e-07
893.8	2.6729e-07
894.0	2.6684e-07
894.2	2.6639e-07
894.4	2.6594e-07
894.6	2.6549e-07
894.8	2.6505e-07
895.0	2.6459e-07
895.2	2.6317e-07
895.4	2.6177e-07
895.6	2.6037e-07
895.8	2.5898e-07
896.0	2.5759e-07
896.2	2.5622e-07
896.4	2.5485e-07
896.6	2.5348e-07
896.8	2.5213e-07
897.0	2.5078e-07
897.2	2.4944e-07
897.4	2.4811e-07
897.6	2.4678e-07
897.8	2.4546e-07
898.0	2.4415e-07
898.2	2.4285e-07
898.4	2.4155e-07
898.6	2.4026e-07
898.8	2.3898e-07
899.0	2.377e-07
899.2	2.3643e-07
899.4	2.3516e-07
899.6	2.3391e-07
899.8	2.3266e-07
900.0	2.3143e-07
900.2	2.3023e-07
900.4	2.2904e-07
900.6	2.2785e-07
900.8	2.2667e-07
901.0	2.2549e-07
901.2	2.2432e-07
901.4	2.2316e-07
901.6	2.22e-07
901.8	2.2085e-07
902.0	2.197e-07
902.2	2.1856e-07
902.4	2.1743e-07
902.6	2.163e-07
902.8	2.1518e-07
903.0	2.1406e-07
903.2	2.1295e-07
903.4	2.1185e-07
903.6	2.1075e-07
903.8	2.0966e-07
904.0	2.0857e-07
904.2	2.0749e-07
904.4	2.0641e-07
904.6	2.0534e-07
904.8	2.0415e-07
905.0	2.0001e-07
905.2	1.9595e-07
905.4	1.9197e-07
905.6	1.8808e-07
905.8	1.8426e-07
906.0	1.8052e-07
906.2	1.7686e-07
906.4	1.7327e-07
906.6	1.6976e-07
906.8	1.6631e-07
907.0	1.6294e-07
907.2	1.5963e-07
907.4	1.564e-07
907.6	1.5322e-07
907.8	1.5011e-07
908.0	1.4707e-07
908.2	1.4408e-07
908.4	1.4116e-07
908.6	1.383e-07
908.8	1.3549e-07
909.0	1.3274e-07
909.2	1.3005e-07
909.4	1.2741e-07
909.6	1.2483e-07
909.8	1.2075e-07
910.0	1.1548e-07
910.2	1.1043e-07
910.4	1.0561e-07
910.6	1.01e-07
910.8	9.6587e-08
911.0	9.2368e-08
911.2	8.8334e-08
911.4	8.4475e-08
911.6	8.0786e-08
911.8	7.7257e-08
912.0	7.3883e-08
912.2	7.0656e-08
912.4	6.757e-08
912.6	6.4618e-08
912.8	6.1796e-08
913.0	5.9097e-08
913.2	5.6516e-08
913.4	5.4047e-08
913.6	5.1687e-08
913.8	4.9429e-08
914.0	4.727e-08
914.2	4.5205e-08
914.4	4.3231e-08
914.6	4.1367e-08
914.8	4.1919e-08
915.0	4.2478e-08
915.2	4.3045e-08
915.4	4.3619e-08
915.6	4.4201e-08
915.8	4.4791e-08
916.0	4.5389e-08
916.2	4.5994e-08
916.4	4.6608e-08
916.6	4.723e-08
916.8	4.786e-08
917.0	4.8499e-08
917.2	4.9146e-08
917.4	4.9802e-08
917.6	5.0466e-08
917.8	5.114e-08
918.0	5.1822e-08
918.2	5.2513e-08
918.4	5.3214e-08
918.6	5.3924e-08
918.8	5.4644e-08
919.0	5.5373e-08
919.2	5.6112e-08
919.4	5.6861e-08
919.6	5.7107e-08
919.8	5.6875e-08
920.0	5.6644e-08
920.2	5.6414e-08
920.4	5.6185e-08
920.6	5.5957e-08
920.8	5.5729e-08
921.0	5.5503e-08
921.2	5.5277e-08
921.4	5.5053e-08
921.6	5.4829e-08
921.8	5.4606e-08
922.0	5.4384e-08
922.2	5.4163e-08
922.4	5.3943e-08
922.6	5.3724e-08
922.8	5.3506e-08
923.0	5.3289e-08
923.2	5.3072e-08
923.4	5.3067e-08
923.6	5.3665e-08
923.8	5.4271e-08
924.0	5.4883e-08
924.2	5.5502e-08
924.4	5.6127e-08
924.6	5.676e-08
924.8	5.7401e-08
925.0	5.8048e-08
925.2	5.8703e-08
925.4	5.9365e-08
925.6	6.0034e-08
925.8	6.0711e-08
926.0	6.1396e-08
926.2	6.2088e-08
926.4	6.2788e-08
926.6	6.3496e-08
926.8	6.42e-08
927.0	6.4808e-08
927.2	6.5422e-08
927.4	6.6042e-08
927.6	6.6667e-08
927.8	6.7299e-08
928.0	6.7937e-08
928.2	6.858e-08
928.4	6.923e-08
928.6	6.9886e-08
928.8	7.0548e-08
929.0	7.1216e-08
929.2	6.9132e-08
929.4	5.7387e-08
929.6	4.7637e-08
929.8	3.9543e-08
930.0	3.2825e-08
930.2	2.7248e-08
930.4	2.2619e-08
930.6	1.8776e-08
930.8	1.5586e-08
931.0	1.3263e-08
931.2	1.3331e-08
931.4	1.3398e-08
931.6	1.3466e-08
931.8	1.3535e-08
932.0	1.0e-07
932.2	1.0e-07
932.4	1.0e-07
932.6	1.0e-07
932.8	1.0e-07
933.0	1.0e-07
933.2	1.0e-07
933.4	1.0e-07
933.6	1.0e-07
933.8	1.0e-07
934.0	1.0e-07
934.2	1.0e-07
934.4	1.0e-07
934.6	1.0e-07
934.8	1.0e-07
935.0	1.0e-07
935.2	1.0e-07
935.4	1.0e-07
935.6	1.0e-07
935.8	1.0e-07
936.0	1.0e-07
936.2	1.0e-07
936.4	1.0e-07
936.6	1.0e-07
936.8	1.0e-07
937.0	1.0e-07
937.2	1.0e-07
937.4	1.0e-07
937.6	1.0e-07
937.8	1.0e-07
938.0	1.0e-07
938.2	1.0e-07
938.4	1.0e-07
938.6	1.0e-07
938.8	1.0e-07
939.0	1.0e-07
939.2	1.0e-07
939.4	1.0e-07
939.6	1.0e-07
939.8	1.0e-07
940.0	1.0e-07
940.2	1.0e-07
940.4	1.0e-07
940.6	1.0e-07
940.8	1.0e-07
941.0	1.0e-07
941.2	1.0e-07
941.4	1.0e-07
941.6	1.0e-07
941.8	1.0e-07
942.0	1.0e-07
942.2	1.0e-07
942.4	1.0e-07
942.6	1.0e-07
942.8	1.0e-07
943.0	1.0e-07
943.2	1.0e-07
943.4	1.0e-07
943.6	1.0e-07
943.8	1.0e-07
944.0	1.0e-07
944.2	1.0e-07
944.4	1.0e-07
944.6	1.0e-07
944.8	1.0e-07
945.0	1.0e-07
945.2	1.0e-07
945.4	1.0e-07
945.6	1.0e-07
945.8	1.0e-07
946.0	1.0e-07
946.2	1.0e-07
946.4	1.0e-07
946.6	1.0e-07
946.8	1.0e-07
947.0	1.0e-07
947.2	1.0e-07
947.4	1.0e-07
947.6	1.0e-07
947.8	1.0e-07
948.0	1.0e-07
948.2	1.0e-07
948.4	1.0e-07
948.6	1.0e-07
948.8	1.0e-07
949.0	1.0e-07
949.2	1.0e-07
949.4	1.0e-07
949.6	1.0e-07
949.8	1.0e-07
950.0	1.0e-07
950.2	1.0e-07
950.4	1.0e-07
950.6	1.0e-07
950.8	1.0e-07
951.0	1.0e-07
951.2	1.0e-07
951.4	1.0e-07
951.6	1.0e-07
951.8	1.0e-07
952.0	1.0e-07
952.2	1.0e-07
952.4	1.0e-07
952.6	1.0e-07
952.8	1.0e-07
953.0	1.0e-07
953.2	1.0e-07
953.4	1.0e-07
953.6	1.0e-07
953.8	1.0e-07
954.0	1.0e-07
954.2	1.0e-07
954.4	1.0e-07
954.6	1.0e-07
954.8	1.0e-07
955.0	1.0e-07
955.2	1.0e-07
955.4	1.0e-07
955.6	1.0e-07
955.8	1.0e-07
956.0	1.0e-07
956.2	1.0e-07
956.4	1.0e-07
956.6	1.0e-07
956.8	1.0e-07
957.0	1.0e-07
957.2	1.0e-07
957.4	1.0e-07
957.6	1.0e-07
957.8	1.0e-07
958.0	1.0e-07
958.2	1.0e-07
958.4	1.0e-07
958.6	1.0e-07
958.8	1.0e-07
959.0	1.0e-07
959.2	1.0e-07
959.4	1.0e-07
959.6	1.0e-07
959.8	1.0e-07
960.0	1.0e-07
960.2	1.0e-07
960.4	1.0e-07
960.6	1.0e-07
960.8	1.0e-07
961.0	1.0e-07
961.2	1.0e-07
961.4	1.0e-07
961.6	1.0e-07
961.8	1.0e-07
962.0	1.0e-07
962.2	1.0e-07
962.4	1.0e-07
962.6	1.0e-07
962.8	1.0e-07
963.0	1.0e-07
963.2	1.0e-07
963.4	1.0e-07
963.6	1.0e-07
963.8	1.0e-07
964.0	1.0e-07
964.2	1.0e-07
964.4	1.0e-07
964.6	1.0e-07
964.8	1.0e-07
965.0	1.0e-07
965.2	1.0e-07
965.4	1.0e-07
965.6	1.0e-07
965.8	1.0e-07
966.0	1.0e-07
966.2	1.0e-07
966.4	1.0e-07
966.6	1.0e-07
966.8	1.0e-07
967.0	1.0e-07
967.2	1.0e-07
967.4	1.0e-07
967.6	1.0e-07
967.8	1.0e-07
968.0	1.0e-07
968.2	1.0e-07
968.4	1.0e-07
968.6	1.0e-07
968.8	1.0e-07
969.0	1.0e-07
969.2	1.0e-07
969.4	1.0e-07
969.6	1.0e-07
969.8	1.0e-07
970.0	1.0e-07
970.2	1.0e-07
970.4	1.0e-07
970.6	1.0e-07
970.8	1.0e-07
971.0	1.0e-07
971.2	1.0e-07
971.4	1.0e-07
971.6	1.0e-07
971.8	1.0e-07
972.0	1.0e-07
972.2	1.0e-07
972.4	1.0e-07
972.6	1.0e-07
972.8	1.0e-07
973.0	1.0e-07
973.2	1.0e-07
973.4	1.0e-07
973.6	1.0e-07
973.8	1.0e-07
974.0	1.0e-07
974.2	1.0e-07
974.4	1.0e-07
974.6	1.0e-07
974.8	1.0e-07
975.0	1.0e-07
975.2	1.0e-07
975.4	1.0e-07
975.6	1.0e-07
975.8	1.0e-07
976.0	1.0e-07
976.2	1.0e-07
976.4	1.0e-07
976.6	1.0e-07
976.8	1.0e-07
977.0	1.0e-07
977.2	1.0e-07
977.4	1.0e-07
977.6	1.0e-07
977.8	1.0e-07
978.0	1.0e-07
978.2	1.0e-07
978.4	1.0e-07
978.6	1.0e-07
978.8	1.0e-07
979.0	1.0e-07
979.2	1.0e-07
979.4	1.0e-07
979.6	1.0e-07
979.8	1.0e-07
980.0	1.0e-07
980.2	1.0e-07
980.4	1.0e-07
980.6	1.0e-07
980.8	1.0e-07
981.0	1.0e-07
981.2	1.0e-07
981.4	1.0e-07
981.6	1.0e-07
981.8	1.0e-07
982.0	1.0e-07
982.2	1.0e-07
982.4	1.0e-07
982.6	1.0e-07
982.8	1.0e-07
983.0	1.0e-07
983.2	1.0e-07
983.4	1.0e-07
983.6	1.0e-07
983.8	1.0e-07
984.0	1.0e-07
984.2	1.0e-07
984.4	1.0e-07
984.6	1.0e-07
984.8	1.0e-07
985.0	1.0e-07
985.2	1.0e-07
985.4	1.0e-07
985.6	1.0e-07
985.8	1.0e-07
986.0	1.0e-07
986.2	1.0e-07
986.4	1.0e-07
986.6	1.0e-07
986.8	1.0e-07
987.0	1.0e-07
987.2	1.0e-07
987.4	1.0e-07
987.6	1.0e-07
987.8	1.0e-07
988.0	1.0e-07
988.2	1.0e-07
988.4	1.0e-07
988.6	1.0e-07
988.8	1.0e-07
989.0	1.0e-07
989.2	1.0e-07
989.4	1.0e-07
989.6	1.0e-07
989.8	1.0e-07
990.0	1.0e-07
990.2	1.0e-07
990.4	1.0e-07
990.6	1.0e-07
990.8	1.0e-07
991.0	1.0e-07
991.2	1.0e-07
991.4	1.0e-07
991.6	1.0e-07
991.8	1.0e-07
992.0	1.0e-07
992.2	1.0e-07
992.4	1.0e-07
992.6	1.0e-07
992.8	1.0e-07
993.0	1.0e-07
993.2	1.0e-07
993.4	1.0e-07
993.6	1.0e-07
993.8	1.0e-07
994.0	1.0e-07
994.2	1.0e-07
994.4	1.0e-07
994.6	1.0e-07
994.8	1.0e-07
995.0	1.0e-07
995.2	1.0e-07
995.4	1.0e-07
995.6	1.0e-07
995.8	1.0e-07
996.0	1.0e-07
996.2	1.0e-07
996.4	1.0e-07
996.6	1.0e-07
996.8	1.0e-07
997.0	1.0e-07
997.2	1.0e-07
997.4	1.0e-07
997.6	1.0e-07
997.8	1.0e-07
998.0	1.0e-07
998.2	1.0e-07
998.4	1.0e-07
998.6	1.0e-07
998.8	1.0e-07
999.0	1.0e-07
999.2	1.0e-07
999.4	1.0e-07
999.6	1.0e-07
999.8	1.0e-07
1000.0	1.0e-07
1000.2	1.0e-07
1000.4	1.0e-07
1000.6	1.0e-07
1000.8	1.0e-07
1001.0	1.0e-07
1001.2	9.6657e-08
1001.4	9.2659e-08
1001.6	8.8827e-08
1001.8	8.5153e-08
1002.0	8.1631e-08
1002.2	7.8255e-08
1002.4	7.5018e-08
1002.6	7.1916e-08
1002.8	6.8941e-08
1003.0	6.609e-08
1003.2	6.3356e-08
1003.4	6.0736e-08
1003.6	5.8224e-08
1003.8	5.5816e-08
1004.0	5.3507e-08
1004.2	5.1294e-08
1004.4	4.9173e-08
1004.6	4.7139e-08
1004.8	4.876e-08
1005.0	5.0864e-08
1005.2	5.3059e-08
1005.4	5.5349e-08
1005.6	5.7738e-08
1005.8	6.0229e-08
1006.0	6.2829e-08
1006.2	6.554e-08
1006.4	6.8368e-08
1006.6	7.1319e-08
1006.8	7.4397e-08
1007.0	7.7608e-08
1007.2	8.0957e-08
1007.4	8.4451e-08
1007.6	8.8095e-08
1007.8	9.1897e-08
1008.0	9.5863e-08
1008.2	1.0e-07
1008.4	1.0e-07
1008.6	1.0e-07
1008.8	1.0e-07
1009.0	1.0e-07
1009.2	1.0e-07
1009.4	1.0e-07
1009.6	1.0e-07
1009.8	1.0e-07
1010.0	1.0e-07
1010.2	1.0e-07
1010.4	1.0e-07
1010.6	1.0e-07
1010.8	1.0e-07
1011.0	1.0e-07
1011.2	1.0e-07
1011.4	1.0e-07
1011.6	1.0e-07
1011.8	9.9344e-08
1012.0	9.3572e-08
1012.2	8.8135e-08
1012.4	8.3015e-08
1012.6	7.8192e-08
1012.8	7.3649e-08
1013.0	6.937e-08
1013.2	6.534e-08
1013.4	6.1543e-08
1013.6	5.7968e-08
1013.8	5.46e-08
1014.0	5.1428e-08
1014.2	4.844e-08
1014.4	4.5625e-08
1014.6	4.2975e-08
1014.8	4.0478e-08
1015.0	3.8126e-08
1015.2	3.5911e-08
1015.4	3.4748e-08
1015.6	3.6894e-08
1015.8	3.9171e-08
1016.0	4.159e-08
1016.2	4.4157e-08
1016.4	4.6883e-08
1016.6	4.9778e-08
1016.8	5.2851e-08
1017.0	5.6114e-08
1017.2	5.9578e-08
1017.4	6.3256e-08
1017.6	6.7161e-08
1017.8	7.1308e-08
1018.0	7.571e-08
1018.2	8.0384e-08
1018.4	8.5347e-08
1018.6	9.0616e-08
1018.8	9.621e-08
1019.0	1.0e-07
1019.2	1.0e-07
1019.4	1.0e-07
1019.6	1.0e-07
1019.8	1.0e-07
1020.0	1.0e-07
1020.2	1.0e-07
1020.4	1.0e-07
1020.6	1.0e-07
1020.8	1.0e-07
1021.0	1.0e-07
1021.2	1.0e-07
1021.4	1.0e-07
1021.6	1.0e-07
1021.8	1.0e-07
1022.0	1.0e-07
1022.2	1.0e-07
1022.4	1.0e-07
1022.6	1.0e-07
1022.8	1.0e-07
1023.0	1.0e-07
1023.2	1.0e-07
1023.4	1.0e-07
1023.6	1.0e-07
1023.8	1.0e-07
1024.0	1.0e-07
1024.2	1.0e-07
1024.4	1.0e-07
1024.6	1.0e-07
1024.8	1.0e-07
1025.0	1.0e-07
1025.2	8.9085e-08
1025.4	7.9362e-08
1025.6	7.07e-08
1025.8	6.2983e-08
1026.0	5.6109e-08
1026.2	5.3828e-08
1026.4	5.578e-08
1026.6	5.7803e-08
1026.8	5.9898e-08
1027.0	6.207e-08
1027.2	6.4321e-08
1027.4	6.6653e-08
1027.6	6.907e-08
1027.8	7.1574e-08
1028.0	7.4169e-08
1028.2	7.6858e-08
1028.4	7.9645e-08
1028.6	8.2533e-08
1028.8	8.5525e-08
1029.0	8.8626e-08
1029.2	9.184e-08
1029.4	9.517e-08
1029.6	9.8621e-08
1029.8	1.0e-07
1030.0	1.0e-07
1030.2	1.0e-07
1030.4	1.0e-07
1030.6	1.0e-07
1030.8	1.0e-07
1031.0	1.0e-07
1031.2	1.0e-07
1031.4	1.0e-07
1031.6	1.0e-07
1031.8	1.0e-07
1032.0	1.0e-07
1032.2	1.0e-07
1032.4	1.0e-07
1032.6	1.0e-07
1032.8	1.0e-07
1033.0	1.0e-07
1033.2	1.0e-07
1033.4	9.6011e-08
1033.6	9.0907e-08
1033.8	8.6073e-08
1034.0	8.1497e-08
1034.2	7.7164e-08
1034.4	7.3061e-08
1034.6	6.9176e-08
1034.8	6.5498e-08
1035.0	6.2016e-08
1035.2	5.8718e-08
1035.4	5.5596e-08
1035.6	5.264e-08
1035.8	4.9841e-08
1036.0	4.7191e-08
1036.2	4.4682e-08
1036.4	4.2307e-08
1036.6	4.0057e-08
1036.8	3.7927e-08
1037.0	3.9579e-08
1037.2	4.1802e-08
1037.4	4.415e-08
1037.6	4.663e-08
1037.8	4.925e-08
1038.0	5.2016e-08
1038.2	5.4938e-08
1038.4	5.8024e-08
1038.6	6.1283e-08
1038.8	6.4725e-08
1039.0	6.8361e-08
1039.2	7.2201e-08
1039.4	7.6257e-08
1039.6	8.054e-08
1039.8	8.5064e-08
1040.0	8.9842e-08
1040.2	9.4889e-08
1040.4	1.0e-07
1040.6	1.0e-07
1040.8	1.0e-07
1041.0	1.0e-07
1041.2	1.0e-07
1041.4	1.0e-07
1041.6	1.0e-07
1041.8	1.0e-07
1042.0	1.0e-07
1042.2	1.0e-07
1042.4	1.0e-07
1042.6	1.0e-07
1042.8	1.0e-07
1043.0	1.0e-07
1043.2	1.0e-07
1043.4	1.0e-07
1043.6	1.0e-07
1043.8	1.0e-07
1044.0	1.0572e-07
1044.2	1.3962e-07
1044.4	1.844e-07
1044.6	2.4353e-07
1044.8	3.2162e-07
1045.0	4.2476e-07
1045.2	7.8912e-07
1045.4	7.9587e-07
1045.6	8.0061e-07
1045.8	3.0264e-06
1046.0	8.0537e-07
1046.2	8.0729e-07
1046.4	8.1205e-07
1046.6	8.1522e-07
1046.8	1.0857e-06
1047.0	8.2164e-07
1047.2	1.3071e-06
1047.4	3.0023e-06
1047.6	1.1117e-06
1047.8	4.468e-06
1048.0	8.3307e-07
1048.2	1.3217e-06
1048.4	8.367e-07
1048.6	8.44e-07
1048.8	4.0145e-06
1049.0	8.5177e-07
1049.2	8.6033e-07
1049.4	8.5572e-07
1049.6	8.5922e-07
1049.8	1.311e-06
1050.0	8.6215e-07
1050.2	3.4079e-06
1050.4	5.2248e-06
1050.6	1.4789e-06
1050.8	1.2072e-06
1051.0	1.7787e-06
1051.2	8.9433e-07
1051.4	1.8798e-06
1051.6	1.7111e-06
1051.8	9.1227e-07
1052.0	9.1796e-07
1052.2	3.5703e-06
1052.4	1.9006e-06
1052.6	9.366e-07
1052.8	1.4455e-06
1053.0	1.0492e-06
1053.2	9.5042e-07
1053.4	1.2205e-06
1053.6	1.5987e-06
1053.8	1.5744e-06
1054.0	1.2433e-06
1054.2	1.5542e-06
1054.4	9.6452e-07
1054.6	2.0566e-06
1054.8	9.7642e-07
1055.0	1.924e-06
1055.2	9.9397e-07
1055.4	1.8129e-06
1055.6	1.0581e-06
1055.8	1.0114e-06
1056.0	2.147e-06
1056.2	1.4752e-06
1056.4	1.1902e-06
1056.6	1.7266e-06
1056.8	4.16e-06
1057.0	1.0462e-06
1057.2	1.0481e-06
1057.4	1.269e-06
1057.6	1.0562e-06
1057.8	1.0646e-06
1058.0	2.67e-06
1058.2	1.0982e-06
1058.4	1.5167e-06
1058.6	1.0933e-06
1058.8	2.7969e-06
1059.0	2.0454e-06
1059.2	4.0005e-06
1059.4	6.7392e-06
1059.6	1.8192e-06
1059.8	1.1235e-06
1060.0	1.5657e-06
1060.2	1.8548e-06
1060.4	1.2908e-06
1060.6	5.6212e-06
1060.8	2.1417e-06
1061.0	1.1637e-06
1061.2	1.1704e-06
1061.4	3.5374e-06
1061.6	4.6579e-06
1061.8	1.1884e-06
1062.0	1.2434e-06
1062.2	1.8049e-06
1062.4	1.2062e-06
1062.6	1.2153e-06
1062.8	1.2247e-06
1063.0	1.6866e-06
1063.2	4.4219e-06
1063.4	1.2472e-06
1063.6	1.253e-06
1063.8	1.2619e-06
1064.0	1.2719e-06
1064.2	1.2833e-06
1064.4	1.9284e-06
1064.6	2.5033e-06
1064.8	1.8664e-06
1065.0	2.2504e-06
1065.2	1.1152e-06
1065.4	2.8657e-06
1065.6	2.9256e-06
1065.8	2.2545e-06
1066.0	3.9495e-06
1066.2	1.8698e-06
1066.4	1.5948e-06
1066.6	3.1563e-06
1066.8	4.7603e-06
1067.0	5.769e-06
1067.2	2.1088e-06
1067.4	3.0196e-06
1067.6	2.4384e-06
1067.8	2.4413e-06
1068.0	1.7437e-06
1068.2	4.1175e-06
1068.4	1.2338e-06
1068.6	2.6515e-06
1068.8	1.6997e-06
1069.0	2.4005e-06
1069.2	1.2264e-06
1069.4	1.2116e-06
1069.6	3.0606e-06
1069.8	8.0183e-06
1070.0	1.0644e-05
1070.2	1.5123e-06
1070.4	5.7947e-06
1070.6	6.6939e-06
1070.8	6.2683e-06
1071.0	6.3882e-06
1071.2	7.1582e-06
1071.4	7.6639e-06
1071.6	7.9288e-06
1071.8	8.9625e-06
1072.0	6.1518e-06
1072.2	6.4467e-06
1072.4	9.8169e-06
1072.6	5.4407e-06
1072.8	8.033e-06
1073.0	3.6871e-06
1073.2	4.0063e-06
1073.4	9.2441e-06
1073.6	1.2066e-05
1073.8	1.1909e-05
1074.0	1.9725e-05
1074.2	2.7144e-05
1074.4	2.8026e-05
1074.6	2.6639e-05
1074.8	1.6553e-05
1075.0	1.4126e-05
1075.2	1.2356e-05
1075.4	1.0807e-05
1075.6	9.4528e-06
1075.8	8.2682e-06
1076.0	7.232e-06
1076.2	6.3257e-06
1076.4	5.5329e-06
1076.6	4.9288e-06
1076.8	4.4189e-06
1077.0	3.9618e-06
1077.2	3.5519e-06
1077.4	3.1845e-06
1077.6	2.855e-06
1077.8	2.5597e-06
1078.0	2.2949e-06
1078.2	2.0575e-06
1078.4	1.8446e-06
1078.6	1.6538e-06
1078.8	1.4827e-06
1079.0	1.3293e-06
1079.2	1.1918e-06
1079.4	1.0685e-06
1079.6	9.5799e-07
1079.8	8.5889e-07
1080.0	8.338e-07
1080.2	8.2835e-07
1080.4	8.2294e-07
1080.6	8.1757e-07
1080.8	8.1223e-07
1081.0	8.0693e-07
1081.2	8.0166e-07
1081.4	7.9642e-07
1081.6	7.9122e-07
1081.8	7.8606e-07
1082.0	7.8092e-07
1082.2	7.7582e-07
1082.4	7.7076e-07
1082.6	7.6572e-07
1082.8	7.6072e-07
1083.0	7.5576e-07
1083.2	7.5082e-07
1083.4	7.4592e-07
1083.6	7.4105e-07
1083.8	7.3621e-07
1084.0	7.314e-07
1084.2	7.2663e-07
1084.4	7.2188e-07
1084.6	7.1717e-07
1084.8	7.1659e-07
1085.0	7.1989e-07
1085.2	7.232e-07
1085.4	7.2653e-07
1085.6	7.2988e-07
1085.8	7.3324e-07
1086.0	7.3662e-07
1086.2	7.4001e-07
1086.4	7.4342e-07
1086.6	7.4684e-07
1086.8	7.5028e-07
1087.0	7.5374e-07
1087.2	7.5721e-07
1087.4	7.607e-07
1087.6	7.642e-07
1087.8	7.6772e-07
1088.0	7.7126e-07
1088.2	7.7481e-07
1088.4	7.7838e-07
1088.6	7.8196e-07
1088.8	7.8556e-07
1089.0	7.8918e-07
1089.2	7.9282e-07
1089.4	7.9647e-07
1089.6	8.0941e-07
1089.8	8.4997e-07
1090.0	8.9256e-07
1090.2	9.3729e-07
1090.4	9.8426e-07
1090.6	1.0336e-06
1090.8	1.0854e-06
1091.0	1.1398e-06
1091.2	1.1969e-06
1091.4	1.2569e-06
1091.6	1.3199e-06
1091.8	1.386e-06
1092.0	1.4555e-06
1092.2	1.5284e-06
1092.4	1.605e-06
1092.6	1.6854e-06
1092.8	1.7699e-06
1093.0	1.8586e-06
1093.2	1.9517e-06
1093.4	2.0495e-06
1093.6	2.1522e-06
1093.8	2.2601e-06
1094.0	2.3734e-06
1094.2	2.4923e-06
1094.4	2.617e-06
1094.6	2.7309e-06
1094.8	2.8497e-06
1095.0	2.9738e-06
1095.2	3.1032e-06
1095.4	3.2382e-06
1095.6	3.3791e-06
1095.8	3.5262e-06
1096.0	3.6796e-06
1096.2	3.8397e-06
1096.4	4.0068e-06
1096.6	4.1812e-06
1096.8	4.3631e-06
1097.0	4.553e-06
1097.2	4.7511e-06
1097.4	4.9579e-06
1097.6	5.1736e-06
1097.8	5.3988e-06
1098.0	5.6337e-06
1098.2	5.8788e-06
1098.4	6.1347e-06
1098.6	6.4016e-06
1098.8	6.6802e-06
1099.0	6.9709e-06
1099.2	7.2742e-06
1099.4	7.5908e-06
1099.6	7.9211e-06
1099.8	8.2658e-06
1100.0	8.6255e-06
1100.2	9.0009e-06
1100.4	9.3925e-06
1100.6	9.8996e-06
1100.8	1.055e-05
1101.0	1.1243e-05
1101.2	1.1981e-05
1101.4	1.2768e-05
1101.6	1.3607e-05
1101.8	1.45e-05
1102.0	1.5453e-05
1102.2	1.6468e-05
1102.4	1.7549e-05
1102.6	1.8702e-05
1102.8	1.993e-05
1103.0	2.1239e-05
1103.2	2.2634e-05
1103.4	2.412e-05
1103.6	2.5705e-05
1103.8	2.7393e-05
1104.0	2.9597e-05
1104.2	3.2348e-05
1104.4	3.5356e-05
1104.6	3.8642e-05
1104.8	4.2235e-05
1105.0	4.6161e-05
1105.2	5.0452e-05
1105.4	5.5142e-05
1105.6	6.0268e-05
1105.8	6.5871e-05
1106.0	7.1994e-05
1106.2	7.8687e-05
1106.4	8.6002e-05
1106.6	9.3997e-05
1106.8	1.0273e-04
1107.0	1.1229e-04
1107.2	1.2272e-04
1107.4	1.3413e-04
1107.6	1.466e-04
1107.8	1.6023e-04
1108.0	1.7512e-04
1108.2	1.914e-04
1108.4	2.092e-04
1108.6	2.2865e-04
1108.8	2.499e-04
1109.0	2.7313e-04
