wl	%T
350	0.000133340884544299
350.2	0.000120810205262703
350.4	0.000114560504515519
350.6	0.000115274587490436
350.8	0.0001453290039721
351	0.000168445494086217
351.2	0.000149174584266428
351.4	0.000182395212492678
351.6	0.000246926166417809
351.8	0.000373640189617481
352	0.000652585161897826
352.2	0.00139866873919111
352.4	0.00419965319836148
352.6	0.0253204526803757
352.8	0.101178482212681
353	0.0278396143917272
353.2	0.0236537693789792
353.4	0.0608199416220433
353.6	0.142133804823731
353.8	0.0104563221505151
354	0.00283215465605442
354.2	0.00125302526404429
354.4	0.00072690511178706
354.6	0.00050848759299377
354.8	0.000412398490228831
355	0.000380175031468424
355.2	0.000394388703976455
355.4	0.000457561486264371
355.6	0.000587497547103478
355.8	0.000808259868002921
356	0.00109631001983225
356.2	0.00129858068149921
356.4	0.00131241749030607
356.6	0.00129343455121644
356.8	0.00157737032777089
357	0.00259582320344699
357.2	0.00496086759829309
357.4	0.0802179585622983
357.6	0.00758617507310094
357.8	0.0013890178096131
358	0.000560193600713137
358.2	0.000319147811949186
358.4	0.0002275254871939
358.6	0.000194753874497506
358.8	0.000199970233651456
359	0.000329848657002331
359.2	0.000417193362029264
359.4	0.00126777513643082
359.6	0.106990343656716
359.8	0.00126068303827103
360	0.000285148321545949
360.2	0.000125746109836617
360.4	7.4977889924775e-05
360.6	5.41853486225436e-05
360.8	4.53456972182644e-05
361	4.29533269104799e-05
361.2	4.52742919399249e-05
361.4	5.15458511676323e-05
361.6	5.87471345916016e-05
361.8	5.81513672516616e-05
362	4.58366258508076e-05
362.2	3.14007784476651e-05
362.4	2.14017921673917e-05
362.6	1.55810669275033e-05
362.8	1.24490835165643e-05
363	6.82887278340548e-05
363.2	1.04980304587807e-05
363.4	1.1309055829912e-05
363.6	1.39638599815819e-05
363.8	2.06275903452527e-05
364	4.06638533569341e-05
364.2	0.000154329507597988
364.4	0.0232901317248056
364.6	0.000111875560108158
364.8	2.99617583171789e-05
365	1.43481132232088e-05
365.2	9.01592319691195e-06
365.4	6.74830279779157e-06
365.6	5.78493737401328e-06
365.8	5.59574387379251e-06
366	6.10987318643203e-06
366.2	7.64625562808111e-06
366.4	1.13786818799233e-05
366.6	2.1667877637938e-05
366.8	5.63236446968659e-05
367	7.62642774457021e-05
367.2	2.60455641759221e-05
367.4	1.06556688615473e-05
367.6	5.7689721624384e-06
367.8	3.77103577312515e-06
368	2.85470624743211e-06
368.2	2.36388831067065e-06
368.4	2.13402651920378e-06
368.6	2.11165858746666e-06
368.8	2.27454265735085e-06
369	2.68144621555505e-06
369.2	3.51028805913911e-06
369.4	5.25690476146698e-06
369.6	9.59579644914118e-06
369.8	2.51527137454253e-05
370	0.000190612880306584
370.2	0.000304194056058032
370.4	3.26590801195785e-05
370.6	1.26195811039342e-05
370.8	7.23975330616458e-06
371	5.11328560359648e-06
371.2	4.14406963667143e-06
371.4	3.72869637296213e-06
371.6	3.66218329075669e-06
371.8	3.89381629821534e-06
372	4.47038423949544e-06
372.2	5.55439511085319e-06
372.4	7.5264716360973e-06
372.6	1.12961378297989e-05
372.8	1.93366198116906e-05
373	4.00588495424112e-05
373.2	0.000115837788350809
373.4	0.000752560543063398
373.6	0.00178027014527451
373.8	0.000287260386417169
374	0.000133064413489355
374.2	9.25908416279485e-05
374.4	8.09323721796428e-05
374.6	8.31688324393864e-05
374.8	9.7690394978135e-05
375	0.000129639285220824
375.2	0.000193356713929232
375.4	0.000321461690439574
375.6	0.000766338746968336
375.8	0.000963060966601463
376	0.00135471947536393
376.2	0.00161271030796657
376.4	0.00211607090928008
376.6	0.00403613054746534
376.8	0.00768563534873601
377	0.00256940547233209
377.2	0.000761271204834046
377.4	0.000322045166684981
377.6	0.000172417766326825
377.8	0.000107624239240226
378	7.53920768141584e-05
378.2	5.80212622112261e-05
378.4	4.8297833169987e-05
378.6	4.30393300946031e-05
378.8	4.07822905718046e-05
379	4.09136273687559e-05
379.2	4.33459479824583e-05
379.4	4.84428898389726e-05
379.6	5.71196376940799e-05
379.8	7.11602666865049e-05
380	9.39311809994751e-05
380.2	0.000131959638344114
380.4	0.000198604019240067
380.6	0.000323260339058155
380.8	0.0005767548800877
381	0.00114979712661397
381.2	0.00262811134305446
381.4	0.00705114983041679
381.6	0.0209374301016642
381.8	0.0445246102508678
382	0.0462676128667782
382.2	0.0376613387458345
382.4	0.0289364588996813
382.6	0.0203911188005722
382.8	0.0138046961323024
383	0.00976702089475038
383.2	0.00756301699566266
383.4	0.00651149763071116
383.6	0.00625331684995999
383.8	0.00669173356284923
384	0.00792348518626429
384.2	0.0100725657748514
384.4	0.0124700112598175
384.6	0.0125531379987007
384.8	0.00957123414748975
385	0.00643675643558565
385.2	0.00442704880974248
385.4	0.00329482820954727
385.6	0.00265396219262459
385.8	0.00228795969010115
386	0.00211228586080933
386.2	0.00208922877177174
386.4	0.00221457637548036
386.6	0.00252723328927557
386.8	0.00315558247661736
387	0.00454722207043061
387.2	0.00870715716492512
387.4	0.0125786400517324
387.6	0.0126868180194714
387.8	0.0179794177970022
388	0.0285543793022531
388.2	0.0429880599907559
388.4	0.0529903390654788
388.6	0.0534974128545594
388.8	0.0517002058916902
389	0.0546735653331736
389.2	0.0508708583392215
389.4	0.0452095183647075
389.6	0.0444026170528858
389.8	0.0459939907582838
390	0.0484586693336548
390.2	0.0506523511791324
390.4	0.0515909803469435
390.6	0.0506714860614683
390.8	0.0479039600907855
391	0.0438552892333226
391.2	0.0393225513613358
391.4	0.0349983452038346
391.6	0.0313193618158864
391.8	0.0284863755941469
392	0.0265541365672298
392.2	0.0255175617278069
392.4	0.0253703510050802
392.6	0.0261386193795386
392.8	0.027895884785518
393	0.0307543340846863
393.2	0.0348060728938007
393.4	0.0399855525743966
393.6	0.0458985264913024
393.8	0.0516592761126767
394	0.055692673759201
394.2	0.0562248381654453
394.4	0.0527448777690896
394.6	0.0465014386206331
394.8	0.0393259537829537
395	0.0325150245658306
395.2	0.0266519227698249
395.4	0.0218720327495711
395.6	0.0181087241629573
395.8	0.0152259921181245
396	0.0130781797094237
396.2	0.0115361081594684
396.4	0.0104986813539495
396.6	0.0098982699844278
396.8	0.00970463717277492
397	0.00993131931886026
397.2	0.0106482850118849
397.4	0.012004019617175
397.6	0.0142529430695108
397.8	0.0177419547848612
398	0.0226383529720466
398.2	0.0278600339088453
398.4	0.02984883525532
398.6	0.0261108041072013
398.8	0.0197420482247613
399	0.0143076069296865
399.2	0.0106006393076114
399.4	0.00823363209504839
399.6	0.00675104280284145
399.8	0.00585442215818543
400	0.005391303656864
400.2	0.00534488938170589
400.4	0.00587409101617898
400.6	0.00696310863377613
400.8	0.00690247069117574
401	0.00601430718150939
401.2	0.005570911082948
401.4	0.00543711980559108
401.6	0.00541109334438793
401.8	0.00538802187206852
402	0.00532363798068208
402.2	0.00521472464289332
402.4	0.00508338194829945
402.6	0.00496080365896044
402.8	0.00487529864568726
403	0.00484740039832548
403.2	0.00489111066950223
403.4	0.00501906810920334
403.6	0.00524911566210468
403.8	0.00560957472563367
404	0.00614244841251804
404.2	0.00690684090001483
404.4	0.00798553091318176
404.6	0.00949611940656965
404.8	0.011606924005932
405	0.0145567001953117
405.2	0.0186740721471743
405.4	0.0243846928052557
405.6	0.0321813120830967
405.8	0.0425243819372863
406	0.0556711286205454
406.2	0.0715318889770942
406.4	0.0897521058465727
406.6	0.110108047527301
406.8	0.13298354941283
407	0.159579210514518
407.2	0.191743478095467
407.4	0.231469370925349
407.6	0.279947864908042
407.8	0.335985232754928
408	0.39425997082991
408.2	0.445492802479152
408.4	0.480715002095094
408.6	0.497164384338043
408.8	0.499555134361883
409	0.495920940750252
409.2	0.493277457290395
409.4	0.49613540124136
409.6	0.507015970693247
409.8	0.52754412101505
410	0.559551401170991
410.2	0.605960071953739
410.4	0.670402307015466
410.6	0.752710043346143
410.8	0.839548167897837
411	0.90467196081384
411.2	0.932751504913176
411.4	0.933365185250462
411.6	0.924548386947258
411.8	0.91788783327006
412	0.917312413841419
412.2	0.922217213591798
412.4	0.929925297641436
412.6	0.937249832888202
412.8	0.941621110947672
413	0.941822529690436
413.2	0.938157406598891
413.4	0.932049174357744
413.6	0.92536011455361
413.8	0.919771387371148
414	0.916404972087698
414.2	0.915690367281438
414.4	0.917403057570215
414.6	0.920808090011457
414.8	0.924869693900751
415	0.928499130264332
415.2	0.930802637585323
415.4	0.931275892490196
415.6	0.929893194187732
415.8	0.927068556346763
416	0.923509601129967
416.2	0.920018413657125
416.4	0.91729983188453
416.6	0.915820672779628
416.8	0.915738971544517
417	0.916903613916277
417.2	0.918914650094682
417.4	0.9212285725367
417.6	0.923286613815152
417.8	0.924638316418164
418	0.92503221510405
418.2	0.924454327451603
418.4	0.923110999440497
418.6	0.921367928069668
418.8	0.919665159055869
419	0.918427549612345
419.2	0.917985491126247
419.4	0.918516065606318
419.6	0.920012145637253
419.8	0.922285187187988
420	0.925003975944824
420.2	0.927764262491622
420.4	0.930173849015154
420.6	0.931929283081319
420.8	0.932860823694262
421	0.932934802224427
421.2	0.932221441793163
421.4	0.930850212821993
421.6	0.928975261643536
421.8	0.926761259804165
422	0.9243843442023
422.2	0.922033854363181
422.4	0.919902778989009
422.6	0.91816493176506
422.8	0.916947140231239
423	0.916308581159449
423.2	0.916235407999658
423.4	0.916650645474391
423.6	0.917432542161778
423.8	0.918433055328303
424	0.919492060828136
424.2	0.920448904625788
424.4	0.921156475999258
424.6	0.9215012872442
424.8	0.921427088566036
425	0.92095361967263
425.2	0.920180792598515
425.4	0.919273318868446
425.6	0.918428621633223
425.8	0.917836947478979
426	0.917643907270953
426.2	0.917922894803311
426.4	0.918660911406987
426.6	0.91975876077009
426.8	0.921045731405236
427	0.922308259800481
427.2	0.923329909368712
427.4	0.923936045397033
427.6	0.924032697453438
427.8	0.92362835957642
428	0.922831666433666
428.2	0.921825622413118
428.4	0.920826437632763
428.6	0.920038441217116
428.8	0.919615255759487
429	0.91963351270673
429.2	0.920081651228172
429.4	0.920864196223043
429.6	0.921820896890108
429.8	0.922758807864976
430	0.923492864135513
430.2	0.923887267234145
430.4	0.923887966531641
430.6	0.923537632242851
430.8	0.922969051926595
431	0.922378847351201
431.2	0.921987927895255
431.4	0.921996619400439
431.6	0.922541473212079
431.8	0.923659551780166
432	0.92526603326175
432.2	0.927152020567028
432.4	0.929009316243058
432.6	0.930484791010874
432.8	0.931257603936654
433	0.931120701481872
433.2	0.930040663344768
433.4	0.928174006619668
433.6	0.92583395272474
433.8	0.923421050994674
434	0.921342610843349
434.2	0.91994424577081
434.4	0.91946571247751
434.6	0.920020885769615
434.8	0.921594535517594
435	0.924048222456597
435.2	0.927132028765277
435.4	0.930504486737609
435.6	0.933766172432042
435.8	0.936510398424152
436	0.938387043988931
436.2	0.939166069145224
436.4	0.938781648130553
436.6	0.937341164381548
436.8	0.935095226569182
437	0.932379016358355
437.2	0.929543823394052
437.4	0.926897099387844
437.6	0.924662285346539
437.8	0.922961289164075
438	0.921816707121007
438.2	0.921168587092694
438.4	0.920900501321153
438.6	0.920870242144523
438.8	0.92094061075813
439	0.921005669201485
439.2	0.921008063956118
439.4	0.920944346756379
439.6	0.920857616622281
439.8	0.920819587053645
440	0.920906406640515
440.2	0.921173667003815
440.4	0.921636061006862
440.6	0.922256454465249
440.8	0.922947864097559
441	0.923589745968867
441.2	0.924056767436582
441.4	0.924254144350589
441.6	0.924150052108571
441.8	0.923794661325282
442	0.923318459063723
442.2	0.922909059099672
442.4	0.922772842282064
442.6	0.923092199203781
442.8	0.92398905748275
443	0.925501628431087
443.2	0.927576273377301
443.4	0.930072414216024
443.6	0.932776835064864
443.8	0.93542450331954
444	0.937725030575776
444.2	0.939395292134803
444.4	0.94019785812962
444.6	0.939981342244935
444.8	0.938714213395453
445	0.936501304882713
445.2	0.933574904981198
445.4	0.93025967588768
445.6	0.926919184074427
445.8	0.923897141709105
446	0.921466425627293
446.2	0.919794722384501
446.4	0.918930183348332
446.6	0.918806173018547
446.8	0.919261945997007
447	0.920075271272758
447.2	0.921002524133545
447.4	0.921820895634194
447.6	0.922366238017329
447.8	0.922559582484175
448	0.922416624117657
448.2	0.922037850082425
448.4	0.921581627060827
448.6	0.921226703900512
448.8	0.921132644910467
449	0.92140622401373
449.2	0.92207951680894
449.4	0.923102565526248
449.6	0.924350983552034
449.8	0.925646946078006
450	0.926790400344645
450.2	0.927595700356153
450.4	0.92792731178939
450.6	0.927727417242464
450.8	0.92702898388441
451	0.925950655455927
451.2	0.924674139274192
451.4	0.923409064869411
451.6	0.922353061880411
451.8	0.921655271855669
452	0.92139001822355
452.2	0.921544909153344
452.4	0.922025134305572
452.6	0.922673462819692
452.8	0.923303271865448
453	0.92373958987481
453.2	0.923860827792273
453.4	0.92363242994628
453.6	0.923124203722823
453.8	0.922506141823702
454	0.922022473201393
454.2	0.921948718455456
454.4	0.92253984272412
454.6	0.923978399517897
454.8	0.926330444978586
455	0.929515376471099
455.2	0.93329483511764
455.4	0.937285432280486
455.6	0.940999105369393
455.8	0.943911493750397
456	0.945551659967964
456.2	0.94559701610841
456.4	0.943949912774249
456.6	0.940772726052006
456.8	0.936468928565452
457	0.931614508429096
457.2	0.926858591064122
457.4	0.922817374256731
457.6	0.919981175234209
457.8	0.918645716698105
458	0.918871756489526
458.2	0.920474744458504
458.4	0.92304736538165
458.6	0.926018811862605
458.8	0.92875095560888
459	0.93066100064434
459.2	0.931345841639703
459.4	0.930673998060178
459.6	0.928815779409526
459.8	0.92620195395629
460	0.923425088532502
460.2	0.921112309146303
460.4	0.919798316475182
460.6	0.919819033674593
460.8	0.921239184132714
461	0.923826696101635
461.2	0.927089904521683
461.4	0.930389526254877
461.6	0.93311483444188
461.8	0.934872162614162
462	0.935594102093451
462.2	0.935467257206596
462.4	0.93459765863036
462.6	0.932362085291382
462.8	0.926468187320116
463	0.912113612357794
463.2	0.882629688224471
463.4	0.833637766825402
463.6	0.769184553349353
463.8	0.701878178616017
464	0.644304526385561
464.2	0.601856567696224
464.4	0.573051483888421
464.6	0.552941846644999
464.8	0.535535227638566
465	0.515050945763528
465.2	0.487014002181305
465.4	0.449487109544321
465.6	0.403760701761013
465.8	0.353691627557357
466	0.303922056986478
466.2	0.258172803149238
466.4	0.218503853480831
466.6	0.185484373273633
466.8	0.158739256451671
467	0.137459672238828
467.2	0.120733990886425
467.4	0.107713944577653
467.6	0.0976739123104895
467.8	0.0900122943494201
468	0.0842257121064278
468.2	0.0798752589127341
468.4	0.0765620639700966
468.6	0.0739280372640215
468.8	0.0716760863422407
469	0.0695674787787044
469.2	0.067368985409446
469.4	0.0648013988634271
469.6	0.0615654661153583
469.8	0.0574498579671869
470	0.0524492493940761
470.2	0.0468019531521441
470.4	0.0409097304144474
470.6	0.0351916246060997
470.8	0.0299636586998542
471	0.0253946743377381
471.2	0.0215258759710448
471.4	0.0183159958221488
471.6	0.0156835987041637
471.8	0.0135358838950931
472	0.011784434136154
472.2	0.0103519857018001
472.4	0.00917410501794982
472.6	0.00819841769751097
472.8	0.00738291179390992
473	0.00669408801548911
473.2	0.00610529911285504
473.4	0.00559539432504329
473.6	0.0051476730315063
473.8	0.00474909978852578
474	0.00438971181494159
474.2	0.00406214663147333
474.4	0.0037612269625154
474.6	0.00348355960061603
474.8	0.00322713069630901
475	0.00299090521892491
475.2	0.00277445569371648
475.4	0.00257765002864229
475.6	0.00240042075379757
475.8	0.00224262343155471
476	0.00210397711988928
476.2	0.00198406968436501
476.4	0.0018824072982184
476.6	0.00179848969721594
476.8	0.00173189830292036
477	0.00168239121105539
477.2	0.00165000602737223
477.4	0.00163517873848988
477.6	0.00163889582146321
477.8	0.00166291165737089
478	0.00171009401636282
478.2	0.00178503490080447
478.4	0.00189527329709397
478.6	0.00205417021401105
478.8	0.00228931022713672
479	0.00267555174987233
479.2	0.00352827399538179
479.4	0.00618418576822677
479.6	0.00501660460640863
479.8	0.00486080123452695
480	0.00582244445584787
480.2	0.00754424048902679
480.4	0.0103674723326526
480.6	0.0151065712627158
480.8	0.0232420716639491
481	0.0363033391009063
481.2	0.0501952484129371
481.4	0.050116457518011
481.6	0.0368817290703702
481.8	0.024633864381636
482	0.0168476305085018
482.2	0.0121680557056938
482.4	0.00928056905794073
482.6	0.00742385497626168
482.8	0.00618453606580159
483	0.00533369625880266
483.2	0.00473958802235392
483.4	0.00432334490043617
483.6	0.0040361023277447
483.8	0.00384673059912408
484	0.00373496604055793
484.2	0.00368737100335958
484.4	0.00369480528266656
484.6	0.00375069943612968
484.8	0.00384972946048272
485	0.00398666725915024
485.2	0.00415530904072493
485.4	0.00434751375709475
485.6	0.00455253426054152
485.8	0.00475696403386465
486	0.00494565535980853
486.2	0.00510375687276277
486.4	0.00521952663870053
486.6	0.00528701690279032
486.8	0.00530753368675213
487	0.00528923560774481
487.2	0.0052451145935828
487.4	0.00519028963701869
487.6	0.00513964943955485
487.8	0.00510651284096743
488	0.0051024704197749
488.2	0.00513813597831176
488.4	0.0052243058020495
488.6	0.00537314334185596
488.8	0.00559938719357155
489	0.00592187696215717
489.2	0.00636576598204089
489.4	0.00696582393919818
489.6	0.0077714104258304
489.8	0.00885407339188577
490	0.010319284430045
490.2	0.0123244425725802
490.4	0.0151052238123228
490.6	0.0190084673237627
490.8	0.0245107808244244
491	0.0321353626337731
491.2	0.0420151508402432
491.4	0.0527533102169087
491.6	0.0603593848318078
491.8	0.0606335621123334
492	0.0541543075880252
492.2	0.0452649150670048
492.4	0.0373043699501616
492.6	0.0315352151629797
492.8	0.0285714756344053
493	0.0307527828603577
493.2	0.0443938432482403
493.4	0.0369324769964235
493.6	0.0241174190751101
493.8	0.01944802359337
494	0.0175260288585132
494.2	0.0167425678331953
494.4	0.0166119377735329
494.6	0.0169662590883158
494.8	0.0177541930550615
495	0.0189794836095319
495.2	0.0206768521999937
495.4	0.0228963228180946
495.6	0.025682829409692
495.8	0.0290406214955291
496	0.0328745491202505
496.2	0.0369146477867842
496.4	0.0406687425706719
496.6	0.0434936565169608
496.8	0.0448425562203656
497	0.0445636871096419
497.2	0.0429790998906821
497.4	0.0406451734931456
497.6	0.0380117604265645
497.8	0.0352678332077264
498	0.032473391009035
498.2	0.0297609061018701
498.4	0.0273279811186168
498.6	0.0253139038900608
498.8	0.0237606747441809
499	0.0226498896421455
499.2	0.0219439082236202
499.4	0.0216084635155997
499.6	0.0216216821820613
499.8	0.0219769964480249
500	0.0226842297245486
500.2	0.0237708047194481
500.4	0.0252839613123514
500.6	0.0272945209999179
500.8	0.0299027167728643
501	0.0332467536545761
501.2	0.0375150032839245
501.4	0.0429630145861217
501.6	0.049936738259703
501.8	0.058903245499199
502	0.0704891089012189
502.2	0.0855230181629421
502.4	0.10507012109041
502.6	0.13042593506806
502.8	0.163002068616081
503	0.203989622341722
503.2	0.253676733125829
503.4	0.310457633204205
503.6	0.370050289979465
503.8	0.425981878259414
504	0.471971673781045
504.2	0.504958697246615
504.4	0.52636180365219
504.6	0.540845393401923
504.8	0.554149426152635
505	0.571553113762545
505.2	0.597183430640404
505.4	0.633555969121679
505.6	0.680818704887682
505.8	0.735874415539394
506	0.792467557137798
506.2	0.84324426578318
506.4	0.882871204408949
506.6	0.909754012433237
506.8	0.925356625282052
507	0.93244931428365
507.2	0.93378995420868
507.4	0.931606362495001
507.6	0.92756598082651
507.8	0.922897385746046
508	0.918503534403083
508.2	0.915030055323758
508.4	0.912899114208332
508.6	0.912326727888495
508.8	0.913336563759462
509	0.915777880046486
509.2	0.919351846043184
509.4	0.923648230424041
509.6	0.928192166820383
509.8	0.932497953337544
510	0.936124138835094
510.2	0.938722588439917
510.4	0.94007466950438
510.6	0.940110083579348
510.8	0.938907139567591
511	0.936676134538377
511.2	0.933729312334343
511.4	0.930441690222625
511.6	0.927207329584584
511.8	0.9243956329938
512	0.922311961872041
512.2	0.921166250175826
512.4	0.921052458429579
512.6	0.921940850613204
512.8	0.923684211888622
513	0.926038039191882
513.2	0.928693124921735
513.4	0.931316771990155
513.6	0.93359663656488
513.8	0.935279906315052
514	0.936201172228138
514.2	0.936295144596568
514.4	0.935594338292566
514.6	0.934215317437047
514.8	0.932338645881842
515	0.930187061150987
515.2	0.928004436660243
515.4	0.92603611504428
515.6	0.924510117362211
515.8	0.923618773070095
516	0.923501126885191
516.2	0.924227517928556
516.4	0.925788519851732
516.6	0.928090771986946
516.8	0.930961919337977
517	0.934165827848916
517.2	0.937427451765924
517.4	0.940464457359076
517.6	0.943020582843537
517.8	0.94489462906341
518	0.945959659089101
518.2	0.946169481331042
518.4	0.945552940990125
518.6	0.944199549831935
518.8	0.942241371290874
519	0.939835530853882
519.2	0.937149850282469
519.4	0.934351979604612
519.6	0.931600947115476
519.8	0.929039667373748
520	0.926787499402915
520.2	0.92493296507484
520.4	0.923527698352921
520.6	0.922583212150986
520.8	0.922071959607604
521	0.921933452630189
521.2	0.922085062134395
521.4	0.922435867687874
521.6	0.922900929914475
521.8	0.92341300941746
522	0.923929240575496
522.2	0.924431534089519
522.4	0.924921147540996
522.6	0.92540937843077
522.8	0.92590720806521
523	0.926416723286878
523.2	0.92692635484727
523.4	0.927410725342949
523.6	0.92783461124795
523.8	0.928159551729639
524	0.928351197931145
524.2	0.928385632117054
524.4	0.928253473954592
524.6	0.927961390396155
524.8	0.927531355759831
525	0.926998443917009
525.2	0.926407979972422
525.4	0.925812595207813
525.6	0.925269295108562
525.8	0.924836280519119
526	0.924569118123577
526.2	0.924515990880761
526.4	0.924712110038691
526.6	0.925173803362584
526.8	0.925893162978379
527	0.926834333236656
527.2	0.927932494841922
527.4	0.929096361642682
527.6	0.930214585346799
527.8	0.931165910844222
528	0.931832306587178
528.2	0.932113696243064
528.4	0.931942449377733
528.6	0.931295569786345
528.8	0.930202644639627
529	0.928748110801405
529.2	0.927067181668552
529.4	0.925335690413271
529.6	0.923754931565137
529.8	0.922533141903374
530	0.921865470640289
530.2	0.921914188031287
530.4	0.922790609333189
530.6	0.924539943712102
530.8	0.927130161072668
531	0.930446056920577
531.2	0.934289916724695
531.4	0.938390332201089
531.6	0.942420496864771
531.8	0.946026395584279
532	0.948863554262604
532.2	0.950638645743618
532.4	0.951149938849601
532.6	0.950319326388647
532.8	0.948209320664148
533	0.945021098341098
533.2	0.941073589957135
533.4	0.936767281784669
533.6	0.932538525676872
533.8	0.928810250517685
534	0.925943524319753
534.2	0.924192526126533
534.4	0.923664330861841
534.6	0.924285359834979
534.8	0.925778729250742
535	0.927660519952092
535.2	0.929266368515771
535.4	0.929819367064921
535.6	0.928542174401125
535.8	0.92479939956845
536	0.918236642614124
536.2	0.908872943492003
536.4	0.897114720919211
536.6	0.883688033792192
536.8	0.869512673518355
537	0.855545816212134
537.2	0.842599764997301
537.4	0.831099186209949
537.6	0.820709961813076
537.8	0.809791317589757
538	0.794817975666802
538.2	0.770469051126922
538.4	0.731696975148878
538.6	0.677982946700974
538.8	0.616025564250774
539	0.556410120698205
539.2	0.50726885316947
539.4	0.471533860482965
539.6	0.448343240216351
539.8	0.435273848061428
540	0.429607274686986
540.2	0.428669798480705
540.4	0.429734510872138
540.6	0.429861995680176
540.8	0.425940293030575
541	0.415100850940276
541.2	0.395493344678991
541.4	0.36705957278808
541.6	0.331731691012337
541.8	0.292774992343482
542	0.253644618452013
542.2	0.217039002485435
542.4	0.184530953760474
542.6	0.156689340797053
542.8	0.133408316012858
543	0.11422746733907
543.2	0.0985573498273546
543.4	0.0858088329779869
543.6	0.0754539743358339
543.8	0.0670465293810917
544	0.0602219239261792
544.2	0.0546884528249395
544.4	0.0502159005010282
544.6	0.0466245027264419
544.8	0.0437754175150536
545	0.0415630202881431
545.2	0.039908972168541
545.4	0.0387578850132716
545.6	0.0380743855664168
545.8	0.0378413623113424
546	0.0380590079184703
546.2	0.0387435456177358
546.4	0.0399221261912897
546.6	0.0416136978077187
546.8	0.0437723213979147
547	0.0461678228241954
547.2	0.0482837913608802
547.4	0.0495448173235244
547.6	0.0498496739301618
547.8	0.0495415486129207
548	0.0488514899707202
548.2	0.0477264614284382
548.4	0.0460179092135414
548.6	0.0436580699294793
548.8	0.040721523478741
549	0.0373981472343214
549.2	0.0339244071610169
549.4	0.0305171777656838
549.6	0.0273355739894801
549.8	0.0244729256665876
550	0.0219676381740914
550.2	0.019820530077872
550.4	0.0180109503003795
550.6	0.0165087898549574
550.8	0.0152823450495925
551	0.0143031024261471
551.2	0.0135487185414397
551.4	0.0130054011411379
551.6	0.012670960606671
551.8	0.012560295419548
552	0.0127162110614093
552.2	0.0132285161568736
552.4	0.014243113313928
552.6	0.0157753962103647
552.8	0.0168717718777837
553	0.01637237797162
553.2	0.0157290946370847
553.4	0.0159674924502444
553.6	0.0170165726377271
553.8	0.018750604543715
554	0.0211454255099697
554.2	0.0241981034313609
554.4	0.0277976726736758
554.6	0.0315296354295111
554.8	0.0344843359465713
555	0.0354033037308134
555.2	0.0334926363731671
555.4	0.0292396211941193
555.6	0.0240378302418602
555.8	0.0191072738478012
556	0.0150102517389742
556.2	0.0118198463600337
556.4	0.00940254779759222
556.6	0.00758367425611131
556.8	0.00620999982186423
557	0.0051633065216593
557.2	0.00435690511726529
557.4	0.00372839627252924
557.6	0.00323300882492677
557.8	0.00283847615267326
558	0.00252135120948712
558.2	0.00226442612370864
558.4	0.00205494046944417
558.6	0.00188333630608192
558.8	0.00174238846851804
559	0.00162659234241359
559.2	0.00153172925784276
559.4	0.00145455547424878
559.6	0.00139257812122793
559.8	0.00134389314202433
560	0.00130706817155222
560.2	0.00128105865661022
560.4	0.00126514925090744
560.6	0.0012589151652684
560.8	0.00126220010291018
561	0.00127510894472301
561.2	0.0012980146644552
561.4	0.00133158022065378
561.6	0.00137679755724289
561.8	0.00143504753850714
562	0.00150818690002692
562.2	0.00159867148286077
562.4	0.00170972970112259
562.6	0.00184560726187353
562.8	0.00201191515529036
563	0.00221613036501752
563.2	0.00246832663998152
563.4	0.00278225889338124
563.6	0.0031770021984995
563.8	0.0036794786754925
564	0.00432843540250671
564.2	0.00518083976864352
564.4	0.00632236416825763
564.6	0.00788482401023745
564.8	0.010075209259526
565	0.0132224201903964
565.2	0.0178428126423147
565.4	0.0246853368920186
565.6	0.0345390721953836
565.8	0.0471086794348261
566	0.0584129355340337
566.2	0.0611558034441341
566.4	0.0537899404888229
566.6	0.042641864384483
566.8	0.0327959983652982
567	0.0255111167050532
567.2	0.0204352955149387
567.4	0.0170052684669328
567.6	0.0148509522753667
567.8	0.0139146132399652
568	0.0145605295161681
568.2	0.0167128912867639
568.4	0.0162871034581985
568.6	0.0129572392934846
568.8	0.0104881461587638
569	0.00906226228917553
569.2	0.00821883422932672
569.4	0.00770186009421938
569.6	0.00738817725446996
569.8	0.00721599626162072
570	0.00715264503396496
570.2	0.007180519612235
570.4	0.00729065348273204
570.6	0.0074796110103235
570.8	0.00774793977492546
571	0.00809941583673701
571.2	0.00854072905768467
571.4	0.00908143578640343
571.6	0.00973408759462972
571.8	0.0105144800960247
572	0.0114419760899603
572.2	0.0125398497079222
572.4	0.0138355738273478
572.6	0.0153609294874184
572.8	0.0171517504035423
573	0.0192470279721805
573.2	0.0216870024208594
573.4	0.0245097858399145
573.6	0.0277460723222106
573.8	0.0314117083996739
574	0.0354984758794486
574.2	0.0399644801604735
574.4	0.0447269054489456
574.6	0.0496610017341448
574.8	0.0546089531717592
575	0.0593998011537483
575.2	0.0638771363810747
575.4	0.0679269980933716
575.6	0.0714972906190783
575.8	0.074603292621928
576	0.0773195950182973
576.2	0.0797635448801373
576.4	0.0820767437865016
576.6	0.0844096513747026
576.8	0.0869116551049734
577	0.0897266801372929
577.2	0.0929931736433252
577.4	0.0968469834946997
577.6	0.101425855169865
577.8	0.106874631259484
578	0.113350541641073
578.2	0.12102812789098
578.4	0.130103325131126
578.6	0.140796019555701
578.8	0.153350000938795
579	0.168028632233944
579.2	0.185103799166117
579.4	0.204834934191552
579.6	0.227434527474865
579.8	0.253017339169443
580	0.281533777463487
580.2	0.312695010963544
580.4	0.345908682159853
580.6	0.380256579955831
580.8	0.41455090979433
581	0.447491968887593
581.2	0.477911294161435
581.4	0.50503404871131
581.6	0.528665189946232
581.8	0.54922342088912
582	0.567608150822743
582.2	0.584948737925303
582.4	0.602317490938888
582.6	0.620485111442256
582.8	0.639777220324504
583	0.660064550355877
583.2	0.680883918850799
583.4	0.701642367949932
583.6	0.721823433509785
583.8	0.741119349962282
584	0.759457086980471
584.2	0.776938197330995
584.4	0.793739916633861
584.6	0.810021350666257
584.8	0.825859205267729
585	0.841219087660448
585.2	0.855957911080468
585.4	0.869849254512677
585.6	0.882623108363799
585.8	0.894011767654419
586	0.903793994747604
586.2	0.911830371330964
586.4	0.918084576993468
586.6	0.922628232540437
586.8	0.925630299011771
587	0.927334839849473
587.2	0.928032446282229
587.4	0.928030591650987
587.6	0.927626997391504
587.8	0.927088422310358
588	0.926635727236362
588.2	0.926434962596794
588.4	0.926593651034773
588.6	0.927161288260549
588.8	0.928133192541778
589	0.929457033901735
589.2	0.931041548196077
589.4	0.932767019829438
589.6	0.934497076349403
589.8	0.93609120330158
590	0.937417207888943
590.2	0.938362708426276
590.4	0.938844679117125
590.6	0.938816184967653
590.8	0.938269708652104
591	0.937236857033102
591.2	0.9357846623008
591.4	0.93400907109207
591.6	0.932026472317027
591.8	0.929964216991903
592	0.927951040008109
592.2	0.926108145259486
592.4	0.924541516079535
592.6	0.9233358120874
592.8	0.922550044671129
593	0.922215099768633
593.2	0.92233309411139
593.4	0.922878493941263
593.6	0.923800873560076
593.8	0.925029128147992
594	0.926476873371374
594.2	0.92804866845825
594.4	0.92964660775537
594.6	0.931176765185922
594.8	0.932554973600721
595	0.933711493313007
595.2	0.934594268176774
595.4	0.935170658227184
595.6	0.935427733550185
595.8	0.935371369749143
596	0.935024467993001
596.2	0.934424621770802
596.4	0.933621482539365
596.6	0.93267397061506
596.8	0.931647373674106
597	0.93061030390247
597.2	0.929631465839501
597.4	0.928776217851431
597.6	0.928102979270631
597.8	0.927659622793038
598	0.927480077403938
598.2	0.927581433926231
598.4	0.927961880811016
598.6	0.928599793293239
598.8	0.929454248254247
599	0.930467136175441
599.2	0.931566891004985
599.4	0.932673667522967
599.6	0.933705585123592
599.8	0.934585461550748
600	0.935247323815406
600.2	0.93564194838984
600.4	0.935740774719005
600.6	0.935537752050133
600.8	0.935048980839847
601	0.93431033539161
601.2	0.933373531247578
601.4	0.932301272393509
601.6	0.931162152852285
601.8	0.930025903115332
602	0.928959400473577
602.2	0.928023653411021
602.4	0.92727177168839
602.6	0.926747780728788
602.8	0.926486049508656
603	0.926511077450106
603.2	0.926837418168375
603.4	0.927469589990416
603.6	0.92840191619652
603.8	0.929618333599128
604	0.931092289558612
604.2	0.932786904160369
604.4	0.934655593177001
604.6	0.93664332507749
604.8	0.938688620959047
605	0.940726305533966
605.2	0.94269089341507
605.4	0.94452036806651
605.6	0.946160005771612
605.8	0.947565838553446
606	0.948707356344477
606.2	0.949569125217169
606.4	0.950151134323514
606.6	0.950467853632479
606.8	0.950546153322684
607	0.950422370277471
607.2	0.950138883885177
607.4	0.949740573971645
607.6	0.949271485721599
607.8	0.948771939079228
608	0.94827621765444
608.2	0.947810877416321
608.4	0.947393645072106
608.6	0.947032838309438
608.8	0.946727235032213
609	0.946466339574142
609.2	0.946231029238391
609.4	0.945994600732731
609.6	0.945724259532171
609.8	0.945383094679531
610	0.944932550426835
610.2	0.944335344403715
610.4	0.943558697896799
610.6	0.942577653932396
610.8	0.94137818070443
611	0.939959718864099
611.2	0.938336844568019
611.4	0.936539792904446
611.6	0.934613710019023
611.8	0.932616656060201
612	0.930616534712768
612.2	0.928687248979178
612.4	0.926904455256071
612.6	0.925341299809872
612.8	0.92406447846351
613	0.923130877141314
613.2	0.92258494832234
613.4	0.922456876315399
613.6	0.922761498052515
613.8	0.923497885267201
614	0.92464946226172
614.2	0.926184530464595
614.4	0.928057093279933
614.6	0.930207917095468
614.8	0.932565819811995
615	0.935049237909466
615.2	0.937568175496658
615.4	0.940026670438137
615.6	0.942325909330078
615.8	0.944368073142663
616	0.946060894214066
616.2	0.947322760330502
616.4	0.948088035152844
616.6	0.948312112272524
616.8	0.947975625468873
617	0.947087237625549
617.2	0.945684543337722
617.4	0.943832834582725
617.6	0.941621754512022
617.8	0.939160142053524
618	0.936569589277683
618.2	0.933977351609396
618.4	0.931509254050102
618.6	0.92928314011
618.8	0.927403250102228
619	0.925955734611052
619.2	0.92500534547203
619.4	0.924593225831769
619.6	0.924735654143936
619.8	0.925423584104282
620	0.926622855373008
620.2	0.928275016358955
620.4	0.930298785023015
620.6	0.932592257556673
620.8	0.9350360475043
621	0.937497563834542
621.2	0.939836601908546
621.4	0.941912306037169
621.6	0.943591361106365
621.8	0.944757002121176
622	0.94531814179868
622.2	0.94521768044697
622.4	0.944438960947861
622.6	0.943009426892441
622.8	0.941000846999054
623	0.938525932104165
623.2	0.935731684570368
623.4	0.932790254055195
623.6	0.929888320679566
623.8	0.92721603599708
624	0.924956339675251
624.2	0.923275101938469
624.4	0.922312105762567
624.6	0.922172459035941
624.8	0.922917676555526
625	0.92455544302159
625.2	0.927027019405091
625.4	0.93019148779513
625.6	0.933806721600394
625.8	0.937508381350649
626	0.940790656573896
626.2	0.942995993426231
626.4	0.943325110678168
626.6	0.940881368512344
626.8	0.934761521683628
627	0.924193937820338
627.2	0.908704265150989
627.4	0.888263972766816
627.6	0.863364900587587
627.8	0.834978644240137
628	0.804402667918388
628.2	0.773042220994442
628.4	0.742198792139147
628.6	0.712921234852518
628.8	0.68593992442327
629	0.661671538103739
629.2	0.64026628544487
629.4	0.621669958871646
629.6	0.605682008651331
629.8	0.592000639767877
630	0.580253115177561
630.2	0.570013529129692
630.4	0.560812148974353
630.6	0.552141036552793
630.8	0.543460711098762
631	0.534212326258855
631.2	0.523839038805684
631.4	0.511818581824948
631.6	0.497706218663767
631.8	0.481183375455901
632	0.462103227539099
632.2	0.440522016046929
632.4	0.416705704389947
632.6	0.391106536850684
632.8	0.364311923043026
633	0.33697581075698
633.2	0.309747032708928
633.4	0.28320840380605
633.6	0.257835498679769
633.8	0.233977630484481
634	0.211858176004772
634.2	0.191588441024329
634.4	0.17318873931518
634.6	0.156611445752383
634.8	0.14176250557206
635	0.128519542630099
635.2	0.116745959755414
635.4	0.10630120321019
635.6	0.0970477547469188
635.8	0.0888555404920356
636	0.0816044191285731
636.2	0.0751853140521939
636.4	0.0695004357071267
636.6	0.0644629279416968
636.8	0.0599961774268304
637	0.0560329507207991
637.2	0.0525144679138441
637.4	0.0493894817562875
637.6	0.0466134032937208
637.8	0.0441474961928636
638	0.0419581496046843
638.2	0.0400162316281375
638.4	0.0382965207656958
638.6	0.0367772101659657
638.8	0.0354394782024342
639	0.0342671185406521
639.2	0.0332462229606707
639.4	0.0323649106011003
639.6	0.0316130978265367
639.8	0.0309823034914203
640	0.0304654849108263
640.2	0.0300569003005196
640.4	0.0297519937477652
640.6	0.0295472988112777
640.8	0.0294403566509834
641	0.0294296437408109
641.2	0.0295145025440147
641.4	0.0296950654451906
641.6	0.0299721568348344
641.8	0.0303471491347486
642	0.0308217336860409
642.2	0.0313975441936166
642.4	0.0320755366225927
642.6	0.0328549865141316
642.8	0.0337319261631015
643	0.0346968532624512
643.2	0.0357316980146723
643.4	0.0368065008377992
643.6	0.0378771596061315
643.8	0.0388867084701117
644	0.03977274807755
644.2	0.0404810638326073
644.4	0.0409801178686323
644.6	0.0412675387380538
644.8	0.0413636931284773
645	0.0412967867661827
645.2	0.0410891485954679
645.4	0.0407510579913762
645.6	0.0402820496681571
645.8	0.0396761367996787
646	0.0389275165983125
646.2	0.0380348565932268
646.4	0.0370035836359423
646.6	0.0358463284589589
646.8	0.0345819832243612
647	0.0332339105024983
647.2	0.0318278093342619
647.4	0.0303896465152553
647.6	0.0289439300141164
647.8	0.0275124654327411
648	0.026113620354649
648.2	0.0247620400828019
648.4	0.0234687146538524
648.6	0.0222412851320693
648.8	0.0210844867533655
649	0.0200006471295834
649.2	0.0189901813820352
649.4	0.0180520477328501
649.6	0.0171841443793319
649.8	0.0163836408877194
650	0.0156472453787385
650.2	0.014971413373414
650.4	0.0143525063108591
650.6	0.013786908293093
650.8	0.01327110920179
651	0.012801761439032
651.2	0.0123757164674202
651.4	0.01199004620546
651.6	0.0116420533459593
651.8	0.0113292738178184
652	0.0110494738452522
652.2	0.0108006434776684
652.4	0.0105809879937998
652.6	0.0103889182167254
652.8	0.0102230404947784
653	0.0100821468904094
653.2	0.00996520596057536
653.4	0.00987135439620809
653.6	0.00979988970523617
653.8	0.00975026406579387
654	0.00972207943778335
654.2	0.00971508399724214
654.4	0.00972916994560181
654.6	0.00976437274232641
654.8	0.00982087181273732
655	0.0098989927917472
655.2	0.0099992113778755
655.4	0.0101221588897597
655.6	0.0102686296391577
655.8	0.0104395902601588
656	0.0106361911641158
656.2	0.0108597803240767
656.4	0.0111119196316904
656.6	0.0113944041143864
656.8	0.0117092843518629
657	0.0120588924895317
657.2	0.0124458723136899
657.4	0.0128732139300614
657.6	0.0133442936754481
657.8	0.0138629199930723
658	0.0144333861175528
658.2	0.0150605305470784
658.4	0.0157498064300874
658.6	0.0165073611633097
658.8	0.0173401276888888
659	0.0182559291913286
659.2	0.0192635991301655
659.4	0.0203731187999483
659.6	0.0215957748812576
659.8	0.0229443397238784
660	0.0244332773820811
660.2	0.0260789786869029
660.4	0.027900028800351
660.6	0.0299175108246229
660.8	0.0321553489081461
661	0.0346406939358447
661.2	0.0374043540959838
661.4	0.0404812711933795
661.6	0.0439110412601851
661.8	0.0477384744313981
662	0.0520141837205141
662.2	0.0567951846357477
662.4	0.0621454767614592
662.6	0.0681365636083553
662.8	0.0748478472622972
663	0.082366808768359
663.2	0.0907888532740865
663.4	0.100216661080251
663.6	0.110758843901914
663.8	0.122527664593768
664	0.135635547348865
664.2	0.150190098796768
664.4	0.166287400378647
664.6	0.184003447331025
664.8	0.203383830792943
665	0.224432111397962
665.2	0.247097815917771
665.4	0.271265556829009
665.6	0.296747312464467
665.8	0.323280221477035
666	0.350532103715157
666.2	0.378116122187954
666.4	0.405614510204548
666.6	0.432609336725458
666.8	0.458716386379179
667	0.483617038908169
667.2	0.507083055397181
667.4	0.52899051557771
667.6	0.549321404334752
667.8	0.568153787952813
668	0.585643421930548
668.2	0.602000558381908
668.4	0.617465644913435
668.6	0.632286816769261
668.8	0.646700989941637
669	0.660919313920699
669.2	0.675116964050545
669.4	0.689426793076864
669.6	0.703936185611867
669.8	0.718686484067287
670	0.733674482243612
670.2	0.748855635737107
670.4	0.764148761831721
670.6	0.77944206413125
670.8	0.794600312480688
671	0.80947294088465
671.2	0.82390272091394
671.4	0.83773455715426
671.6	0.85082386945271
671.8	0.863044003905312
672	0.874292167544997
672.2	0.884493509595462
672.4	0.893603156087941
672.6	0.901606212763467
672.8	0.908515947271742
673	0.914370514380618
673.2	0.919228677751844
673.4	0.923165004065663
673.6	0.926264968328624
673.8	0.928620330213737
674	0.930325040527945
674.2	0.931471832991562
674.4	0.932149563382131
674.6	0.932441283931886
674.8	0.932422988596163
675	0.932162933414554
675.2	0.931721422292588
675.4	0.931150947789247
675.6	0.930496584587173
675.8	0.929796546539003
676	0.929082833671933
676.2	0.928381911307275
676.4	0.927715378256727
676.6	0.927100594214423
676.8	0.926551247679194
677	0.926077854968956
677.2	0.925688188220596
677.4	0.925387635853475
677.6	0.925179502982276
677.8	0.925065261850424
678	0.925044763662005
678.2	0.925116423554699
678.4	0.925277389656075
678.6	0.925523705617606
678.8	0.925850473930751
679	0.926252024787266
679.2	0.926722092495045
679.4	0.927253998721232
679.6	0.927840839323104
679.8	0.928475669443223
680	0.92915168006094
680.2	0.929862358420815
680.4	0.930601624771112
680.6	0.931363938654304
680.8	0.932144369426258
681	0.932938627743973
681.2	0.933743057167683
681.4	0.934554587577845
681.6	0.935370654589962
681.8	0.936189091343837
682	0.937008000775982
682.2	0.937825617623086
682.4	0.938640169886916
682.6	0.939449749303738
682.8	0.940252199554803
683	0.94104502961579
683.2	0.941825357899892
683.4	0.942589890837735
683.6	0.943334937408718
683.8	0.944056459024618
684	0.944750152197466
684.2	0.945411559695068
684.4	0.946036204476522
684.6	0.946619739656767
684.8	0.947158107094816
685	0.947647696938606
685.2	0.948085500565244
685.4	0.94846924979828
685.6	0.948797536010519
685.8	0.949069903678582
686	0.949286914082793
686.2	0.949450176082356
686.4	0.949562342187101
686.6	0.949627069437631
686.8	0.949648945853594
687	0.949633384375447
687.2	0.949586487276163
687.4	0.949514884935301
687.6	0.949425553682573
687.8	0.949325617974672
688	0.94922214261632
688.2	0.949121921021886
688.4	0.949031265625839
688.6	0.948955806506683
688.8	0.948900304096984
689	0.948868481524028
689.2	0.948862881673843
689.4	0.948884753505172
689.6	0.948933971474803
689.8	0.949008991178624
690	0.949106843475954
690.2	0.949223168394128
690.4	0.949352289137108
690.6	0.949487326037486
690.8	0.949620348258038
691	0.949742560500819
691.2	0.949844520886818
691.4	0.949916385045478
691.6	0.949948170452962
691.8	0.949930034165741
692	0.949852556359234
692.2	0.949707021547375
692.4	0.949485689076421
692.6	0.949182044492984
692.8	0.948791023713143
693	0.948309202575113
693.2	0.947734945340609
693.4	0.947068506986759
693.6	0.946312085654788
693.8	0.945469823325635
694	0.944547754591897
694.2	0.943553705198898
694.4	0.942497143744989
694.6	0.941388991470456
694.8	0.94024139635849
695	0.939067478758089
695.2	0.937881056392131
695.4	0.936696356917724
695.6	0.935527726179161
695.8	0.934389339965505
696	0.933294926504635
696.2	0.93225750615009
696.4	0.931289153807279
696.6	0.930400788660364
696.8	0.929601994768655
697	0.928900875133669
697.2	0.928303940683806
697.4	0.927816035158043
697.6	0.92744029590813
697.8	0.927178149918981
698	0.927029343784943
698.2	0.926992005848314
698.4	0.927062738229258
698.6	0.927236736042966
698.8	0.927507930698018
699	0.927869153796886
699.2	0.928312317812046
699.4	0.928828609398167
699.6	0.92940869093154
699.8	0.930042905658902
700	0.930721481710074
700.2	0.931434730211657
700.4	0.932173232829843
700.6	0.93292801417387
700.8	0.93369069506748
701	0.934453623087794
701.2	0.935209977412077
701.4	0.935953845790071
701.6	0.936680272310507
701.8	0.937385275542282
702	0.938065837558026
702.2	0.938719865254833
702.4	0.939346126227639
702.6	0.939944162191632
702.8	0.940514183557423
703	0.941056949216057
703.2	0.941573635873497
703.4	0.9420657013875
703.6	0.942534746505059
703.8	0.942982379194477
704	0.943410085432272
704.2	0.943819109869747
704.4	0.944210349295145
704.6	0.944584261258063
704.8	0.944940789660642
705	0.945279308574316
705.2	0.945598585034225
705.4	0.945896761115804
705.6	0.946171355223045
705.8	0.946419282223189
706	0.946636891850215
706.2	0.946820024665133
706.4	0.946964084791714
706.6	0.947064128626076
706.8	0.947114968719901
707	0.947111292043695
707.2	0.947047791818309
707.4	0.946919311970937
707.6	0.946721003090946
707.8	0.946448488430991
708	0.946098038023741
708.2	0.945666748356022
708.4	0.945152724267702
708.6	0.944555258849228
708.8	0.943875006139916
709	0.943114140447765
709.2	0.942276495193264
709.4	0.94136767340863
709.6	0.940395121483701
709.8	0.939368157499128
710	0.938297945563775
710.2	0.937197408002306
710.4	0.93608106785543
710.6	0.934964814431098
710.8	0.933865585942051
711	0.932800962938038
711.2	0.931788665508386
711.4	0.930845945288475
711.6	0.9299888596252
711.8	0.929231409470175
712	0.928584514372847
712.2	0.928054787241761
712.4	0.927643058626373
712.6	0.927342586092188
712.8	0.927136870851955
713	0.926996994894568
713.2	0.926878393712982
713.4	0.926717002335825
713.6	0.926424770529954
713.8	0.925884657196218
714	0.9249454093725
714.2	0.923416733461352
714.4	0.921065889740382
714.6	0.917617266739516
714.8	0.912757031595261
715	0.906145306941215
715.2	0.897438159600194
715.4	0.886320574176064
715.6	0.872549181652046
715.8	0.855999891282654
716	0.836711594420347
716.2	0.814914510726332
716.4	0.79103256315946
716.6	0.765654442206951
716.8	0.739476572523213
717	0.713229638584026
717.2	0.687604819686717
717.4	0.663194531476166
717.6	0.640456432433403
717.8	0.619701928515484
718	0.601104508429227
718.2	0.584720461793659
718.4	0.570514623819851
718.6	0.558385571913741
718.8	0.548186951294603
719	0.539743543771442
719.2	0.532862017226141
719.4	0.527337027902261
719.6	0.522953657683742
719.8	0.519487235200468
720	0.516701554451783
720.2	0.514346456715593
720.4	0.512155722728362
720.6	0.509846236210236
720.8	0.507119396016416
721	0.503665718939712
721.2	0.499173409729788
721.4	0.493341298776819
721.6	0.485895906686482
721.8	0.476611503880167
722	0.46533102039245
722.2	0.451984781492398
722.4	0.436603635318706
722.6	0.419323398561825
722.8	0.400378778526838
723	0.380086826381502
723.2	0.358822034718532
723.4	0.336986793819937
723.6	0.314981589978533
723.8	0.293178934041889
724	0.27190378839248
724.2	0.25142168193053
724.4	0.231934241152324
724.6	0.213580838153011
724.8	0.196444564462271
725	0.180560710347836
725.2	0.165926202904305
725.4	0.152508865895769
725.6	0.140255782618886
725.8	0.129100395973167
726	0.118968239154198
726.2	0.109781357658143
726.4	0.101461575353136
726.6	0.0939327953042597
726.8	0.0871225291855279
727	0.0809628326292223
727.2	0.0753907983484484
727.4	0.0703487310210871
727.6	0.0657841014967548
727.8	0.0616493552182401
728	0.0579016301595861
728.2	0.0545024244153945
728.4	0.051417241935875
728.6	0.0486152358385591
728.8	0.0460688620828328
729	0.0437535514680777
729.2	0.041647404481748
729.4	0.039730911133357
729.6	0.0379866962905203
729.8	0.0363992899734402
730	0.034954921404458
730.2	0.0336413352374907
730.4	0.0324476282061293
730.6	0.0313641043226932
730.8	0.0303821468935994
731	0.0294941056378951
731.2	0.0286931973119075
731.4	0.0279734183777146
731.6	0.0273294683849561
731.8	0.0267566828637766
732	0.0262509746468462
732.2	0.0258087826470336
732.4	0.0254270272123005
732.6	0.0251030712586595
732.8	0.0248346864439574
733	0.0246200236873552
733.2	0.024457587359011
733.4	0.0243462124575357
733.6	0.0242850440541047
733.8	0.0242735182046536
734	0.0243113434063122
734.2	0.0243984814900881
734.4	0.0245351265858105
734.6	0.0247216804536302
734.8	0.0249587220370164
735	0.025246968549706
735.2	0.0255872247741862
735.4	0.0259803165641314
735.6	0.0264270039058372
735.8	0.026927868493174
736	0.0274831709314033
736.2	0.028092673910763
736.4	0.028755430680389
736.6	0.0294695437367695
736.8	0.0302319075449917
737	0.0310379614498632
737.2	0.0318814933803227
737.4	0.0327545477551676
737.6	0.0336474954629471
737.8	0.0345493113080665
738	0.0354480681265607
738.2	0.0363315982412029
738.4	0.0371882071520022
738.6	0.0380072797755576
738.8	0.0387796246372587
739	0.039497467866939
739.2	0.040154117448071
739.4	0.0407434242568179
739.6	0.0412592261125816
739.8	0.0416949544141217
740	0.0420435216530171
740.2	0.0422975230613312
740.4	0.0424497077591866
740.6	0.0424936225595045
740.8	0.0424243092509506
741	0.0422389398520175
741.2	0.0419372960936605
741.4	0.0415220317709758
741.6	0.0409986930502764
741.8	0.0403755066792124
742	0.0396629746681339
742.2	0.0388733331111835
742.4	0.0380199409679745
742.6	0.0371166624240646
742.8	0.0361772961788529
743	0.0352150899308339
743.2	0.0342423618128159
743.4	0.0332702353493568
743.6	0.0323084824568993
743.8	0.0313654608355715
744	0.0304481277148953
744.2	0.0295621106741626
744.4	0.0287118172838871
744.6	0.0279005677247294
744.8	0.0271307375899197
745	0.0264039012189616
745.2	0.0257209687946853
745.4	0.0250823128782144
745.6	0.0244878819948516
745.8	0.0239373003339729
746	0.0234299536472202
746.2	0.0229650620992702
746.4	0.0225417412233019
746.6	0.0221590523310809
746.8	0.0218160437854934
747	0.0215117845092351
747.2	0.021245391013328
747.4	0.0210160491091589
747.6	0.0208230313360923
747.8	0.0206657110051855
748	0.0205435736355185
748.2	0.0204562264473607
748.4	0.0204034064776751
748.6	0.0203849877988364
748.8	0.0204009882505365
749	0.0204515760366848
749.2	0.0205370764926464
749.4	0.0206579792947926
749.6	0.0208149463751771
749.8	0.0210088207274529
750	0.0212406363187503
750.2	0.0215116293388302
750.4	0.0218232509979045
750.6	0.0221771820408299
750.8	0.0225753492503246
751	0.0230199441764701
751.2	0.0235134443499728
751.4	0.0240586372675568
751.6	0.0246586474674008
751.8	0.0253169670465148
752	0.0260374900103614
752.2	0.0268245508878711
752.4	0.0276829680922406
752.6	0.0286180925591424
752.8	0.0296358622491341
753	0.0307428631590762
753.2	0.0319463975475328
753.4	0.0332545601394986
753.6	0.0346763231342509
753.8	0.0362216308930957
754	0.0379015052267089
754.2	0.0397281622281146
754.4	0.0417151415986129
754.6	0.0438774493783794
754.8	0.0462317149061053
755	0.0487963626730784
755.2	0.0515917994811749
755.4	0.0546406169292341
755.6	0.0579678086982979
755.8	0.0616010013328751
756	0.0655706961641745
756.2	0.0699105186197488
756.4	0.0746574693325861
756.6	0.0798521691101239
756.8	0.0855390868577209
757	0.0917667358822624
757.2	0.0985878195594009
757.4	0.106059302101685
757.6	0.114242374153438
757.8	0.123202276309047
758	0.133007936716378
758.2	0.143731372215047
758.4	0.155446796789799
758.6	0.168229377644197
758.8	0.182153579449695
759	0.197291043173168
759.2	0.213707959465207
759.4	0.231461920087298
759.6	0.250598266197433
759.8	0.271146000738499
760	0.293113393736154
760.2	0.316483482232168
760.4	0.341209746964055
760.6	0.367212329623741
760.8	0.394375224183053
761	0.422544920766676
761.2	0.451530985672616
761.4	0.481108997826717
761.6	0.511026100383136
761.8	0.541009183178151
762	0.570775374035934
762.2	0.600044138063043
762.4	0.62854993897877
762.6	0.656054197287385
762.8	0.68235526535123
763	0.707295360953704
763.2	0.730763824274619
763.4	0.752696594415013
763.6	0.773072318891938
763.8	0.791905904578281
764	0.809240528621551
764.2	0.825139146135838
764.4	0.839676396266334
764.6	0.85293158058624
764.8	0.864983128990278
765	0.87590472520661
765.2	0.885763064228564
765.4	0.894617067627429
765.6	0.902518288510822
765.8	0.909512188781636
766	0.91563995878081
766.2	0.920940565521762
766.4	0.9254527538955
766.6	0.929216779543492
766.8	0.932275716715188
767	0.934676253180696
767.2	0.936468950763539
767.4	0.937708008275723
767.6	0.938450608717307
767.8	0.938755961580815
768	0.938684163265786
768.2	0.938294995458175
768.4	0.937646766055008
768.6	0.936795273985647
768.8	0.935792952429337
769	0.934688218292761
769.2	0.933525032299067
769.4	0.932342655457591
769.6	0.931175574789197
769.8	0.93005356388298
770	0.929001841476784
770.2	0.928041292743592
770.4	0.927188722295452
770.6	0.926457114348548
770.8	0.925855881756556
771	0.925391092973707
771.2	0.925065672556138
771.4	0.924879576493616
771.6	0.924829948325235
771.8	0.924911265459738
772	0.925115487333901
772.2	0.925432218001205
772.4	0.925848895480204
772.6	0.9263510187837
772.8	0.926922421102545
773	0.927545594272501
773.2	0.928202065558218
773.4	0.928872823378449
773.6	0.929538783916135
773.8	0.930181286105422
774	0.930782598605027
774.2	0.93132641939931
774.4	0.931798346935541
774.6	0.932186301436919
774.8	0.932480876333065
775	0.93267560258735
775.2	0.932767112881479
775.4	0.932755197813189
775.6	0.932642752035259
775.8	0.932435614122412
776	0.932142309405613
776.2	0.931773709632154
776.4	0.931342626768336
776.6	0.930863360375189
776.8	0.930351218712245
777	0.929822033155588
777.2	0.929291683856823
777.4	0.928775652091114
777.6	0.928288611753236
777.8	0.92784406925882
778	0.927454057960116
778.2	0.92712889030156
778.4	0.926876968465364
778.6	0.926704652277013
778.8	0.926616181672323
779	0.926613650052826
779.2	0.92669702431208
779.4	0.926864207120912
779.6	0.92711113712114
779.8	0.927431922900362
780	0.927819006915616
780.2	0.928263356175854
780.4	0.928754676715062
780.6	0.929281645813463
780.8	0.929832161535966
781	0.930393605800617
781.2	0.930953116867655
781.4	0.931497867068764
781.6	0.932015341107088
781.8	0.932493609770905
782	0.932921593474994
782.2	0.933289309746781
782.4	0.933588098667891
782.6	0.933810820419666
782.8	0.933952019496258
783	0.93400805085419
783.2	0.93397716424866
783.4	0.933859544227657
783.6	0.933657304652708
783.8	0.933374438110417
784	0.933016722083955
784.2	0.932591585174106
784.4	0.932107937909932
784.6	0.931575973700474
784.8	0.93100694619601
785	0.930412929736597
785.2	0.929806569653529
785.4	0.929200828864281
785.6	0.928608736879707
785.8	0.928043146595226
786	0.927516503406436
786.2	0.927040630308118
786.4	0.926626531732207
786.6	0.926284218020752
786.8	0.926022551659145
787	0.9258491157439
787.2	0.925770104648994
787.4	0.925790236492459
787.6	0.92591268678867
787.8	0.926139042588557
788	0.926469276443334
788.2	0.926901739651299
788.4	0.927433174433228
788.6	0.928058744903189
788.8	0.928772086920998
789	0.92956537710344
789.2	0.930429421400532
789.4	0.931353763683096
789.6	0.932326814714762
789.8	0.933336001677699
790	0.934367938071467
790.2	0.935408613041583
790.4	0.936443598559711
790.6	0.937458274570929
790.8	0.938438067057687
791	0.93936869552748
791.2	0.940236425574386
791.4	0.941028321111054
791.6	0.941732490227903
791.8	0.942338318203371
792	0.942836681017029
792.2	0.943220132849876
792.4	0.943483061514123
792.6	0.94362180653702
792.8	0.943634735704917
793	0.943522277201406
793.2	0.943286905979964
793.4	0.942933084604617
793.6	0.942467160382276
793.8	0.941897222100067
794	0.941232920986254
794.2	0.940485261566934
794.4	0.939666368841621
794.6	0.93878923863022
794.8	0.937867478049097
795	0.936915042882496
795.2	0.935945978165719
795.4	0.934974167645684
795.6	0.934013096993429
795.8	0.933075634773252
796	0.932173834285197
796.2	0.931318758540256
796.4	0.930520329843904
796.6	0.929787204778018
796.8	0.929126674805456
797	0.928544592276568
797.2	0.928045321291597
797.4	0.927631712653549
797.6	0.927305102014707
797.8	0.927065330257722
798	0.926910785146143
798.2	0.926838463240704
798.4	0.926844051100974
798.6	0.926922024765389
798.8	0.927065766433374
799	0.92726769715524
799.2	0.927519424162215
799.4	0.927811901236508
799.6	0.928135600236815
799.8	0.928480691570224
800	0.928837231052636
800.2	0.929195350253845
800.4	0.929545447098065
800.6	0.929878373189258
800.8	0.930185614188449
801	0.93045945945392
801.2	0.930693157191493
801.4	0.930881051542965
801.6	0.931018698361159
801.8	0.931102956881439
802	0.931132055086014
802.2	0.931105627246215
802.4	0.931024722886165
802.6	0.930891787203625
802.8	0.930710613768077
803	0.930486271054524
803.2	0.930225005027334
803.4	0.9299341205318
803.6	0.929621844660242
803.8	0.929297175522844
804	0.928969719969758
804.2	0.928649523784806
804.4	0.9283468977222
804.6	0.928072242504751
804.8	0.927835875572065
805	0.927647861990023
805.2	0.927517851534136
805.4	0.927454923567803
805.6	0.92746744097381
805.8	0.927562914082717
806	0.9277478752899
806.2	0.92802776487234
806.4	0.928406828411085
806.6	0.928888026195333
806.8	0.929472955025278
807	0.930161782933248
807.2	0.930953197495666
807.4	0.931844368596176
807.6	0.932830926705031
807.8	0.933906957942295
808	0.935065017368535
808.2	0.936296162074797
808.4	0.937590005698851
808.6	0.938934795951347
808.8	0.940317516575515
809	0.941724014863836
809.2	0.943139155405597
809.4	0.944547000132527
809.6	0.94593101397125
809.8	0.947274294515346
810	0.948559823129246
810.2	0.949770733857362
810.4	0.95089059543632
810.6	0.951903700420603
810.8	0.952795354991063
811	0.953552162184194
811.2	0.954162290683987
811.4	0.954615721309804
811.6	0.954904463664397
811.8	0.955022736034405
812	0.954967102658707
812.2	0.95473656382827
812.4	0.9543325958864
812.6	0.953759139965567
812.8	0.953022540128014
813	0.952131433354018
813.2	0.951096595444945
813.4	0.949930748281639
813.6	0.948648334935075
813.8	0.947265269818676
814	0.945798671389349
814.2	0.944266584853571
814.4	0.942687701959503
814.6	0.941081084304735
814.8	0.939465895734989
815	0.937861148421206
815.2	0.936285466153489
815.4	0.934756867348509
815.6	0.933292569282735
815.8	0.931908814186369
816	0.930620717087095
816.2	0.929442134700208
816.4	0.928385554225571
816.6	0.927462000632157
816.8	0.926680960872833
817	0.926050323464624
817.2	0.925576331970335
817.4	0.925263551106174
817.6	0.925114844457384
817.8	0.92513136308606
818	0.925312544643565
818.2	0.925656122935406
818.4	0.926158148208768
818.6	0.926813018726217
818.8	0.927613524436824
819	0.928550903740949
819.2	0.929614914455123
819.4	0.930793920102455
819.6	0.932074992576016
819.8	0.933444032033216
820	0.934885904581156
820.2	0.936384597841154
820.4	0.937923393966537
820.6	0.939485059633904
820.8	0.941052050881748
821	0.942606730504769
821.2	0.9441315949954
821.4	0.945609507283162
821.6	0.947023930918346
821.8	0.948359160866915
822	0.949600545765592
822.2	0.950734696364024
822.4	0.951749674978327
822.6	0.952635161107535
822.8	0.953382588916529
823	0.953985253045675
823.2	0.954438380135604
823.4	0.954739164505737
823.6	0.95488676754323
823.8	0.954882281484255
824	0.954728659341346
824.2	0.954430613680351
824.4	0.953994487776706
824.6	0.953428103353456
824.8	0.952740589450303
825	0.951942197205151
825.2	0.9510441053471
825.4	0.95005822103121
825.6	0.948996980330167
825.8	0.947873152265533
826	0.946699649754365
826.2	0.94548935029572
826.4	0.944254928663857
826.6	0.94300870333507
826.8	0.941762497877124
827	0.940527518087278
827.2	0.939314245287094
827.4	0.938132345873196
827.6	0.936990596978045
827.8	0.935896827912742
828	0.934857876931763
828.2	0.933879562770736
828.4	0.932966670350535
828.6	0.932122950003603
828.8	0.931351129551567
829	0.930652938538503
829.2	0.930029143894238
829.4	0.929479596260355
829.6	0.929003286158096
829.8	0.928598409106892
830	0.928262438719379
830.2	0.927992206985177
830.4	0.927783990855396
830.6	0.927633601602285
830.8	0.927536477843392
831	0.927487780500716
831.2	0.927482487908225
831.4	0.927515489533359
831.6	0.927581676784374
831.8	0.927676029419675
832	0.927793696162413
832.2	0.927930068251237
832.4	0.928080844824353
832.6	0.928242089234376
832.8	0.92841027561715
833	0.928582325280886
833.2	0.928755632731387
833.4	0.928928081394801
833.6	0.929098049330121
833.8	0.929264405431178
834	0.929426496792805
834.2	0.929584128054636
834.4	0.929737533634125
834.6	0.929887343818025
834.8	0.93003454570091
835	0.930180439944726
835.2	0.930326594290737
835.4	0.930474794691445
835.6	0.930626994854794
835.8	0.930785264911896
836	0.930951739840945
836.2	0.931128568210853
836.4	0.931317861751735
836.6	0.931521646219834
836.8	0.93174181400226
837	0.9319800789023
837.2	0.932237933555951
837.4	0.932516609951036
837.6	0.932817043547895
837.8	0.933139841528402
838	0.933485255719576
838.2	0.933853160739236
838.4	0.934243037956443
838.6	0.93465396576665
838.8	0.935084616642195
839	0.935533261349465
839.2	0.9359977806031
839.4	0.93647568428295
839.6	0.936964138170756
839.8	0.937459997970864
840	0.937959850173474
840.2	0.938460058655579
840.4	0.938956815701815
840.6	0.939446199965829
840.8	0.939924236544306
841	0.940386958224481
841.2	0.940830466866943
841.4	0.941250993389429
841.6	0.941644954824124
841.8	0.94200900698823
842	0.942340091432944
842.2	0.942635475517638
842.4	0.942892784685172
842.6	0.943110026283321
842.8	0.943285604573083
843	0.943418326872503
843.2	0.94350740109196
843.4	0.943552425208502
843.6	0.943553369487293
843.8	0.943510552479989
844	0.943424611999474
844.2	0.943296472385605
844.4	0.943127309430934
844.6	0.94291851433317
844.8	0.94267165798112
845	0.942388456773897
845.2	0.942070741022479
845.4	0.941720426801171
845.6	0.941339491912135
845.8	0.940929956410163
846	0.940493867915191
846.2	0.940033291728105
846.4	0.939550305565474
846.6	0.939046998548891
846.8	0.938525473927984
847	0.937987854886188
847.2	0.937436292674267
847.4	0.936872976242771
847.6	0.936300142494444
847.8	0.935720086254466
848	0.935135169055223
848.2	0.934547825852628
848.4	0.933960568829737
848.6	0.933375987499264
848.8	0.932796744388068
849	0.932225565672693
849.2	0.931665226234569
849.4	0.931118528717007
849.6	0.930588276292421
849.8	0.930077238987969
850	0.929588113571195
850.2	0.929123477504277
850.4	0.928685737653178
850.6	0.928277071553966
850.8	0.927899364706912
851	0.927554144496127
851.2	0.927242511546597
851.4	0.926965069885035
851.6	0.926721857482819
851.8	0.926512278961061
852	0.926335042428503
852.2	0.926188102589998
852.4	0.926068612406218
852.6	0.92597288569052
852.8	0.925896373048341
853	0.925833653603334
853.2	0.925778444855059
853.4	0.925723632842484
853.6	0.925661324527542
853.8	0.92558292394466
854	0.925479233177489
854.2	0.92534057862426
854.4	0.925156962299259
854.6	0.924918237105163
854.8	0.924614304115869
855	0.924235328967484
855.2	0.923771973503912
855.4	0.923215637912905
855.6	0.922558707776147
855.8	0.921794799797671
856	0.920918999528358
856.2	0.919928084215933
856.4	0.91882072401665
856.6	0.917597655222447
856.8	0.916261819879327
857	0.914818467169663
857.2	0.913275213146206
857.4	0.911642056764191
857.6	0.909931351568397
857.8	0.908157733752877
858	0.906338008525123
858.2	0.904490997681808
858.4	0.902637351967212
858.6	0.90079933208665
858.8	0.899000562160242
859	0.897265758928708
859.2	0.895620439188101
859.4	0.894090606781622
859.6	0.892702419080785
859.8	0.891481831324252
860	0.890454215543558
860.2	0.88964394913233
860.4	0.889073966667257
860.6	0.88876526804717
860.8	0.888736374302369
861	0.88900272311052
861.2	0.889575997162463
861.4	0.89046338095616
861.6	0.891666745931804
861.8	0.893181770527737
862	0.894997011243617
862.2	0.89709295358777
862.4	0.899441088087376
862.6	0.902003076176779
862.8	0.904730092879692
863	0.907562455905121
863.2	0.910429670927454
863.4	0.913251035801854
863.6	0.915936946331541
863.8	0.91839102629843
864	0.920513158716433
864.2	0.922203420139375
864.4	0.923366816793664
864.6	0.923918598928622
864.8	0.92378980491756
865	0.922932583082885
865.2	0.92132478348398
865.4	0.918973326426991
865.6	0.915915949846757
865.8	0.912221106914558
866	0.907986002381627
866.2	0.903332981545244
866.4	0.898404675674974
866.6	0.893358426294693
866.8	0.88836053853591
867	0.883580851277466
867.2	0.87918797574717
867.4	0.875345369748214
867.6	0.872208205820705
867.8	0.869920772781791
868	0.868613922313636
868.2	0.868401822729209
868.4	0.869376985257688
868.6	0.871602157398582
868.8	0.875097222686088
869	0.879818754131168
869.2	0.885629528346132
869.4	0.892255599888651
869.6	0.899230458745183
869.8	0.905831058924624
870	0.911021287405822
870.2	0.913435690024843
870.4	0.911455260588614
870.6	0.903430985370137
870.8	0.888070687359119
871	0.864903498149814
871.2	0.834617811224625
871.4	0.79904969333381
871.6	0.760761854773238
871.8	0.722401295209217
872	0.68613922273297
872.2	0.653392132539641
872.4	0.624827615231146
872.6	0.600537056873167
872.8	0.580249910274536
873	0.563514902260397
873.2	0.549824339470119
873.4	0.538686522403575
873.6	0.529660929214274
873.8	0.522370394376852
874	0.516500750447144
874.2	0.511794584790523
874.4	0.508042917493533
874.6	0.505076773803537
874.8	0.502759550035124
875	0.500980488753206
875.2	0.49964928760226
875.4	0.498691737047195
875.6	0.498046238249707
875.8	0.497661049708701
876	0.497492126690237
876.2	0.497501438890397
876.4	0.497655673526031
876.6	0.497925250779053
876.8	0.498283595570829
877	0.498706624212973
877.2	0.49917241721569
877.4	0.499661061396707
877.6	0.500154656756424
877.8	0.500637498340472
878	0.501096463666583
878.2	0.501521667778211
878.4	0.501907500839707
878.6	0.502254257422726
878.8	0.502570743299105
879	0.502878593174227
879.2	0.503219752839545
879.4	0.503670158469245
879.6	0.504366341308239
879.8	0.505560989421155
880	0.507748856089978
880.2	0.511978826315334
880.4	0.520688506628971
880.6	0.539771995705802
880.8	0.577217829880712
881	0.589328091137188
881.2	0.538296153460843
881.4	0.505238406351001
881.6	0.490178526583413
881.8	0.482043521038528
882	0.476610097152443
882.2	0.472340083751722
882.4	0.468615398338517
882.6	0.465164431741654
882.8	0.461860883472223
883	0.458645274223123
883.2	0.455491194238839
883.4	0.452389527537083
883.6	0.449340535392568
883.8	0.446349634675908
884	0.443425026466952
884.2	0.440576304700076
884.4	0.437813611076229
884.6	0.435147109208462
884.8	0.432586653737452
885	0.430141583459083
885.2	0.427820596216398
885.4	0.425631679305842
885.6	0.423582078342453
885.8	0.421678292964554
886	0.419926091056575
886.2	0.418330535209629
886.4	0.416896016419942
886.6	0.415626290825557
886.8	0.414524515766521
887	0.413593281719294
887.2	0.412834636761677
887.4	0.412250100206116
887.6	0.411840661921452
887.8	0.411606763663472
888	0.411548258468553
888.2	0.411664343847018
888.4	0.411953464164358
888.6	0.412413177242282
888.8	0.41303997988495
889	0.413829086786202
889.2	0.414774157172147
889.4	0.415866963673483
889.6	0.417096998435524
889.8	0.418451012530985
890	0.419912486565545
890.2	0.421461033304288
890.4	0.423071737400418
890.6	0.424714442700887
890.8	0.426353006855176
891	0.427944553023593
891.2	0.429438761888248
891.4	0.430777263322849
891.6	0.431893205298512
891.8	0.4327110966951
892	0.433147038372076
892.2	0.433109469616746
892.4	0.432500560089997
892.6	0.431218364706913
892.8	0.429159824245367
893	0.426224632646729
893.2	0.422319900866173
893.4	0.417365430258717
893.6	0.411299277186884
893.8	0.404083164847822
894	0.395707205339214
894.2	0.386193363946818
894.4	0.375597151987362
894.6	0.364007183015519
894.8	0.351542457113162
895	0.338347514215439
895.2	0.324585869038649
895.4	0.310432353340573
895.6	0.296065104393307
895.8	0.281657933976243
896	0.267373699814473
896.2	0.253359113654196
896.4	0.239741200846834
896.6	0.226625417808937
896.8	0.214095267343314
897	0.202213143368839
897.2	0.191022087207433
897.4	0.180548137767426
897.6	0.170802993026058
897.8	0.161786754784579
898	0.153490589776679
898.2	0.145899198670413
898.4	0.138993035035498
898.6	0.132750257008216
898.8	0.127148425777952
899	0.122165989751486
899.2	0.117783610592351
899.4	0.113985343380476
899.6	0.110759166511786
899.8	0.108096129510528
900	0.105995774100608
