wl	%T
250.00	0.89658600091934
251.00	0.89311200380325
252.00	0.89227098226547
253.00	0.89277100563049
254.00	0.89302098751068
255.00	0.89327102899551
256.00	0.89515697956085
257.00	0.89863002300262
258.00	0.90276497602463
259.00	0.9068089723587
260.00	0.90601301193237
261.00	0.90599101781845
262.00	0.90326499938965
263.00	0.8990849852562
264.00	0.8945659995079
265.00	0.89049702882767
266.00	0.88381797075272
267.00	0.87941300868988
268.00	0.87352901697159
269.00	0.86850601434708
270.00	0.86489599943161
271.00	0.86130702495575
272.00	0.86064600944519
273.00	0.86071598529816
274.00	0.86082702875137
275.00	0.86044102907181
276.00	0.85623800754547
277.00	0.85249197483063
278.00	0.84474498033524
279.00	0.83665502071381
280.00	0.82482200860977
281.00	0.81212002038956
282.00	0.80346697568893
283.00	0.79424297809601
284.00	0.77936100959778
285.00	0.75509798526764
286.00	0.71643400192261
287.00	0.67735701799393
288.00	0.64321202039719
289.00	0.62172102928162
290.00	0.60795599222183
291.00	0.5944390296936
292.00	0.57110697031021
293.00	0.5387549996376
294.00	0.50490498542786
295.00	0.47412401437759
296.00	0.44872498512268
297.00	0.43005099892616
298.00	0.41312599182129
299.00	0.39728999137878
300.00	0.38554498553276
301.00	0.37482199072838
302.00	0.36466899514198
303.00	0.35848999023438
304.00	0.35335499048233
305.00	0.34776699542999
306.00	0.34276700019836
307.00	0.33926999568939
308.00	0.33270201086998
309.00	0.32806798815727
310.00	0.32059600949287
311.00	0.31082698702812
312.00	0.30148801207542
313.00	0.29121899604797
314.00	0.27926999330521
315.00	0.26734301447868
316.00	0.25605198740959
317.00	0.24399100244045
318.00	0.23238000273705
319.00	0.2218180000782
320.00	0.2097070068121
321.00	0.19991600513458
322.00	0.19101299345493
323.00	0.17971999943256
324.00	0.17058700323105
325.00	0.16302199661732
326.00	0.15477800369263
327.00	0.14991599321365
328.00	0.14416599273682
329.00	0.1376029998064
330.00	0.13391999900341
331.00	0.12987600266933
332.00	0.12508299946785
333.00	0.12356100231409
334.00	0.1205639988184
335.00	0.11965300142765
336.00	0.11944899708033
337.00	0.11951699852943
338.00	0.11795199662447
339.00	0.12001699954271
340.00	0.11922399699688
341.00	0.11897400021553
342.00	0.11792899668217
343.00	0.11813399940729
344.00	0.11670000106096
345.00	0.11658900231123
346.00	0.1151800006628
347.00	0.11431500315666
348.00	0.11381500214338
349.00	0.1120880022645
350.00	0.11081799864769
351.00	0.10913500189781
352.00	0.1078630015254
353.00	0.10700199753046
354.00	0.1066360026598
355.00	0.10507100075483
356.00	0.10456900298595
357.00	0.10341200232506
358.00	0.10131999850273
359.00	0.10022900253534
360.00	0.098957203328609
361.00	0.09832339733839
362.00	0.096619598567486
363.00	0.096322000026703
364.00	0.09502699971199
365.00	0.093959301710129
366.00	0.093504898250103
367.00	0.092777997255325
368.00	0.091006003320217
369.00	0.091621600091457
370.00	0.090462997555733
371.00	0.089779198169708
372.00	0.088804602622986
373.00	0.088145799934864
374.00	0.086780399084091
375.00	0.085396900773048
376.00	0.084488198161125
377.00	0.08396340161562
378.00	0.083397701382637
379.00	0.082282297313213
380.00	0.080716997385025
381.00	0.080194503068924
382.00	0.078013502061367
383.00	0.078604198992252
384.00	0.079694703221321
385.00	0.080169498920441
386.00	0.079558402299881
387.00	0.079035803675652
388.00	0.078238502144814
389.00	0.077875003218651
390.00	0.077581897377968
391.00	0.077147997915745
392.00	0.076716296374798
393.00	0.076580002903938
394.00	0.075807601213455
395.00	0.075444102287292
396.00	0.075151100754738
397.00	0.074217401444912
398.00	0.073944799602032
399.00	0.073490403592587
400.00	0.072558902204037
401.00	0.072652101516724
402.00	0.072129599750042
403.00	0.07160709798336
404.00	0.071127697825432
405.00	0.070423498749733
406.00	0.069560199975967
407.00	0.068946801126003
408.00	0.068426601588726
409.00	0.067697301506996
410.00	0.066949896514416
411.00	0.065652698278427
412.00	0.065720796585083
413.00	0.064541801810265
414.00	0.064107902348042
415.00	0.063451297581196
416.00	0.063312701880932
417.00	0.0619723983109
418.00	0.061565700918436
419.00	0.060929600149393
420.00	0.060543399304152
421.00	0.059225801378489
422.00	0.058019500225782
423.00	0.058087598532438
424.00	0.057701401412487
425.00	0.057362899184227
426.00	0.057383298873901
427.00	0.05718119814992
428.00	0.057065300643444
429.00	0.056954000145197
430.00	0.056429199874401
431.00	0.055679500102997
432.00	0.055954400449991
433.00	0.055883999913931
434.00	0.055636301636696
435.00	0.056476898491383
436.00	0.056340601295233
437.00	0.056906301528215
438.00	0.057203900068998
439.00	0.058521501719952
440.00	0.058998599648476
441.00	0.059930000454187
442.00	0.060634300112724
443.00	0.061540700495243
444.00	0.062338098883629
445.00	0.064039699733257
446.00	0.064905300736427
447.00	0.067129403352737
448.00	0.068131200969219
449.00	0.070312201976776
450.00	0.072402201592922
451.00	0.074764899909496
452.00	0.077284298837185
453.00	0.08012630045414
454.00	0.083329603075981
455.00	0.086893998086452
456.00	0.090051800012589
457.00	0.093847997486591
458.00	0.097026199102402
459.00	0.1017739996314
460.00	0.10518400371075
461.00	0.10943300276995
462.00	0.11311099678278
463.00	0.11770199984312
464.00	0.121790997684
465.00	0.12737700343132
466.00	0.13196900486946
467.00	0.13778199255466
468.00	0.14323699474335
469.00	0.15020899474621
470.00	0.15634299814701
471.00	0.16306999325752
472.00	0.17013500630856
473.00	0.17853799462318
474.00	0.18678699433804
475.00	0.19619299471378
476.00	0.20630200207233
477.00	0.21668399870396
478.00	0.22813199460506
479.00	0.24035599827766
480.00	0.25296199321747
481.00	0.26639100909233
482.00	0.27931800484657
483.00	0.29385700821877
484.00	0.30853301286697
485.00	0.32431998848915
486.00	0.33933600783348
487.00	0.35562700033188
488.00	0.37064200639725
489.00	0.38718199729919
490.00	0.40226700901985
491.00	0.41812199354172
492.00	0.43286800384521
493.00	0.44820299744606
494.00	0.46349000930786
495.00	0.47816801071167
496.00	0.49223101139069
497.00	0.50547301769257
498.00	0.51849001646042
499.00	0.53119200468063
500.00	0.54252797365189
501.00	0.55400097370148
502.00	0.56526899337769
503.00	0.57644599676132
504.00	0.58802998065948
505.00	0.60043400526047
506.00	0.61338597536087
507.00	0.62840002775192
508.00	0.64387100934982
509.00	0.66159301996231
510.00	0.68079000711441
511.00	0.7019630074501
512.00	0.7236790060997
513.00	0.74944299459457
514.00	0.77554601430893
515.00	0.8033059835434
516.00	0.8306810259819
517.00	0.85914599895477
518.00	0.88620299100876
519.00	0.91130900382996
520.00	0.93486499786377
521.00	0.95538198947906
522.00	0.97307902574539
523.00	0.98636698722839
524.00	0.9949539899826
525.00	1
526.00	0.99924999475479
527.00	0.99449998140335
528.00	0.98473101854324
529.00	0.96982800960541
530.00	0.95036101341248
531.00	0.92700701951981
532.00	0.89892601966858
533.00	0.8675519824028
534.00	0.83356600999832
535.00	0.7967169880867
536.00	0.75832402706146
537.00	0.71838599443436
538.00	0.67788201570511
539.00	0.63705801963806
540.00	0.59595799446106
541.00	0.55617898702621
542.00	0.51640200614929
543.00	0.47764599323273
544.00	0.43913599848747
545.00	0.40353900194168
546.00	0.36898499727249
547.00	0.33654201030731
548.00	0.30492100119591
549.00	0.2774749994278
550.00	0.25073799490929
551.00	0.22574900090694
552.00	0.20359900593758
553.00	0.18319800496101
554.00	0.16493000090122
555.00	0.14832299947739
556.00	0.13373799622059
557.00	0.11958499997854
558.00	0.10838700085878
559.00	0.097457900643349
560.00	0.08739610016346
561.00	0.079240299761295
562.00	0.071195900440216
563.00	0.064721301198006
564.00	0.058362498879433
565.00	0.05327370017767
566.00	0.048182599246502
567.00	0.044434100389481
568.00	0.040049500763416
569.00	0.037507399916649
570.00	0.033940698951483
571.00	0.031805198639631
572.00	0.029215300455689
573.00	0.027281999588013
574.00	0.025101099163294
575.00	0.024465000256896
576.00	0.022556699812412
577.00	0.021877400577068
578.00	0.020037300884724
579.00	0.019194399937987
580.00	0.018287999555469
581.00	0.017581399530172
582.00	0.017036199569702
583.00	0.016288800165057
584.00	0.015923000872135
585.00	0.015241499990225
586.00	0.015016599558294
587.00	0.014809800311923
588.00	0.014494099654257
589.00	0.014287300407887
590.00	0.013926099985838
591.00	0.0138557003811
592.00	0.013517200015485
593.00	0.01331050042063
594.00	0.013128699734807
595.00	0.013085599988699
596.00	0.013085599988699
597.00	0.012835700064898
598.00	0.012790200300515
599.00	0.01306280028075
600.00	0.012765199877322
601.00	0.012356299906969
602.00	0.012015500105917
603.00	0.012131400406361
604.00	0.012197299860418
605.00	0.011901900172234
606.00	0.011699800379574
607.00	0.011836100369692
608.00	0.011652099899948
609.00	0.011540699750185
610.00	0.011515700258315
611.00	0.011722500436008
612.00	0.011290799826384
613.00	0.011379400268197
614.00	0.011356700211763
615.00	0.011493000201881
616.00	0.011515700258315
617.00	0.011470300145447
618.00	0.011493000201881
619.00	0.011356700211763
620.00	0.011540699750185
621.00	0.011470300145447
622.00	0.011379400268197
623.00	0.010970500297844
624.00	0.011197700165212
625.00	0.01124310027808
626.00	0.011470300145447
627.00	0.011084100231528
628.00	0.01124310027808
629.00	0.011061400175095
630.00	0.011540699750185
631.00	0.011470300145447
632.00	0.01126809976995
633.00	0.011379400268197
634.00	0.010995499789715
635.00	0.011177299544215
636.00	0.010995499789715
637.00	0.010538900271058
638.00	0.011106800287962
639.00	0.010811500251293
640.00	0.010925100184977
641.00	0.010881899856031
642.00	0.010675200261176
643.00	0.010970500297844
644.00	0.010925100184977
645.00	0.011018199846148
646.00	0.011061400175095
647.00	0.010970500297844
648.00	0.010904599912465
649.00	0.011427099816501
650.00	0.010970500297844
651.00	0.01124310027808
652.00	0.011018199846148
653.00	0.01062969956547
654.00	0.010516200214624
655.00	0.010472999885678
656.00	0.010538900271058
657.00	0.010220799595118
658.00	0.0097687300294638
659.00	0.010084499605
660.00	0.010084499605
661.00	0.0095869898796082
662.00	0.0094506796449423
663.00	0.0091780601069331
664.00	0.0089940503239632
665.00	0.008880459703505
666.00	0.0081557603552938
667.00	0.0083374995738268
668.00	0.0080648800358176
669.00	0.0079967295750976
670.00	0.0076763997785747
671.00	0.0076559600420296
672.00	0.0067472402006388
673.00	0.0072674797847867
674.00	0.0069062700495124
675.00	0.0066109299659729
676.00	0.0060657002031803
677.00	0.0062020099721849
678.00	0.0055204699747264
679.00	0.005472760181874
680.00	0.0051092701032758
681.00	0.0047934898175299
682.00	0.0047934898175299
683.00	0.0046117501333356
684.00	0.0042028301395476
685.00	0.0042687100358307
686.00	0.0044754398986697
687.00	0.0039052199572325
688.00	0.0037257499061525
689.00	0.003246400039643
690.00	0.0031100900378078
691.00	0.0027943099848926
692.00	0.002587579889223
693.00	0.0020423498935997
694.00	0.0018833200447261
695.00	0.0014312299899757
696.00	0.0013630799949169
697.00	0.0012245000107214
698.00	0.00083799997810274
699.00	0.00056800001766533
700.00	9.9999997473788E-6
