wl	%T
302.00	0.06963799893856
303.00	0.070308797061443
304.00	0.070083297789097
305.00	0.069606296718121
306.00	0.069301500916481
307.00	0.069164901971817
308.00	0.068416103720665
309.00	0.068129703402519
310.00	0.067176103591919
311.00	0.066352896392345
312.00	0.06470800191164
313.00	0.063041098415852
314.00	0.062058098614216
315.00	0.061199601739645
316.00	0.059513300657272
317.00	0.058709498494864
318.00	0.056851100176573
319.00	0.056242700666189
320.00	0.055247701704502
321.00	0.05429270118475
322.00	0.055414598435163
323.00	0.05528549849987
324.00	0.054673299193382
325.00	0.054141599684954
326.00	0.054876800626516
327.00	0.054746400564909
328.00	0.054991401731968
329.00	0.054600100964308
330.00	0.053975600749254
331.00	0.055667098611593
332.00	0.055208500474691
333.00	0.055726900696754
334.00	0.056493800133467
335.00	0.05725109949708
336.00	0.057983998209238
337.00	0.057809598743916
338.00	0.059055801481009
339.00	0.060905799269676
340.00	0.061678800731897
341.00	0.061553299427032
342.00	0.063320100307465
343.00	0.065677501261234
344.00	0.066411398351192
345.00	0.066993199288845
346.00	0.068544298410416
347.00	0.069934397935867
348.00	0.071591600775719
349.00	0.071592897176743
350.00	0.074648901820183
351.00	0.076046198606491
352.00	0.076892398297787
353.00	0.078088700771332
354.00	0.080294698476791
355.00	0.080899499356747
356.00	0.079636201262474
357.00	0.080852001905441
358.00	0.081133797764778
359.00	0.080515399575233
360.00	0.077071696519852
361.00	0.07603520154953
362.00	0.073486596345901
363.00	0.072174698114395
364.00	0.066472597420216
365.00	0.065600499510765
366.00	0.062103398144245
367.00	0.059659600257874
368.00	0.055645100772381
369.00	0.052536901086569
370.00	0.049518700689077
371.00	0.04748459905386
372.00	0.047189500182867
373.00	0.045653000473976
374.00	0.043305698782206
375.00	0.040738899260759
376.00	0.039488799870014
377.00	0.039385300129652
378.00	0.038313198834658
379.00	0.038330398499966
380.00	0.037810999900103
381.00	0.037002298980951
382.00	0.037646301090717
383.00	0.038586601614952
384.00	0.037925500422716
385.00	0.036674499511719
386.00	0.038032900542021
387.00	0.036033101379871
388.00	0.036746401339769
389.00	0.036485500633717
390.00	0.035647701472044
391.00	0.034533198922873
392.00	0.033443000167608
393.00	0.034708701074123
394.00	0.034286700189114
395.00	0.033389300107956
396.00	0.032225999981165
397.00	0.032994199544191
398.00	0.031874600797892
399.00	0.03165290132165
400.00	0.031940601766109
401.00	0.031138099730015
402.00	0.030327200889587
403.00	0.030490599572659
404.00	0.029156699776649
405.00	0.029927199706435
406.00	0.028966400772333
407.00	0.029138300567865
408.00	0.027409300208092
409.00	0.027478599920869
410.00	0.026944600045681
411.00	0.027061700820923
412.00	0.025678699836135
413.00	0.025345899164677
414.00	0.024676399305463
415.00	0.024153299629688
416.00	0.022593600675464
417.00	0.022063199430704
418.00	0.021889999508858
419.00	0.019942600280046
420.00	0.020480399951339
421.00	0.019531600177288
422.00	0.017690299078822
423.00	0.017309799790382
424.00	0.017086699604988
425.00	0.017390299588442
426.00	0.016846500337124
427.00	0.015767300501466
428.00	0.014762399718165
429.00	0.015186799690127
430.00	0.014677099883556
431.00	0.013832000084221
432.00	0.013239400461316
433.00	0.012674800120294
434.00	0.012361399829388
435.00	0.012595499865711
436.00	0.012905299663544
437.00	0.010172500275075
438.00	0.0090311300009489
439.00	0.010928500443697
440.00	0.0090920897200704
441.00	0.010038400068879
442.00	0.0086396802216768
443.00	0.0084555502980947
444.00	0.007821430452168
445.00	0.0075482800602913
446.00	0.0080531295388937
447.00	0.0067605501972139
448.00	0.0047911400906742
449.00	0.0059142499230802
450.00	0.0051825898699462
451.00	0.0054984199814498
452.00	0.0049131000414491
453.00	0.0041131400503218
454.00	0.0049484698101878
455.00	0.0058703399263322
456.00	0.0039838901720941
457.00	0.0027181201148778
458.00	0.0040960800834
459.00	0.0037924300413579
460.00	0.0019035299774259
461.00	0.0017401300137863
462.00	0.003537560114637
463.00	0.0017133000073954
464.00	0.0022937499452382
465.00	0.002631519921124
466.00	0.0017803700175136
467.00	0.00078165699960664
468.00	0.001176750054583
469.00	0.00086579599883407
470.00	0.0011340699857101
471.00	0.0016828200314194
472.00	0.00043655800982378
473.00	0.00082677602767944
474.00	0.00024388599558733
475.00	0.00061703397659585
476.00	0.00086823600577191
477.00	0.00083897000877187
478.00	0.00059630197938532
479.00	3.0485700335703E-5
480.00	0.00032193001243286
481.00	8.779919880908E-5
482.00	4.7557699872414E-5
483.00	0.0010682200081646
484.00	0.0020937600638717
485.00	0.0009255480254069
486.00	0.00083043298218399
487.00	0.0016462299972773
488.00	0.00073531799716875
489.00	0.0013816199498251
490.00	4.9996699090116E-5
491.00	2.9266400815686E-5
492.00	0.00030973699176684
493.00	0.0008023870177567
494.00	0.00016218400560319
495.00	0.00037680499372073
496.00	0.00089262501569465
497.00	7.1946502430364E-5
498.00	0.000599960971158
499.00	0.00018779300444294
500.00	0.0014328300021589
501.00	0.00041094800690189
502.00	0.00044143400737084
503.00	0.00061337399529293
504.00	0.00076336500933394
505.00	0.00093530502635986
506.00	0.00205840007402
507.00	0.0019023099448532
508.00	0.00097920396365225
509.00	0.0010962700471282
510.00	0.001137729967013
511.00	0.0013962499797344
512.00	0.00082189700333402
513.00	0.0010974899632856
514.00	0.00039265799568966
515.00	0.0011133400257677
516.00	0.0027864000294358
517.00	0.0025278800167143
518.00	0.0030485698953271
519.00	0.0034717400558293
520.00	0.0023022899404168
521.00	0.0032668700441718
522.00	0.0034497699234635
523.00	0.0036985499318689
524.00	0.004793600179255
525.00	0.0045119100250304
526.00	0.0061800801195204
527.00	0.006688579916954
528.00	0.0063642100431025
529.00	0.005881329998374
530.00	0.007420239970088
531.00	0.0071983099915087
532.00	0.0066824997775257
533.00	0.0079994704574347
534.00	0.0075312298722565
535.00	0.0084518902003765
536.00	0.010772500187159
537.00	0.01050170045346
538.00	0.010420000180602
539.00	0.012156499549747
540.00	0.012510200031102
541.00	0.012582099996507
542.00	0.014273500069976
543.00	0.014028299599886
544.00	0.01476369984448
545.00	0.015192899852991
546.00	0.016451399773359
547.00	0.016893999651074
548.00	0.018934100866318
549.00	0.019645100459456
550.00	0.020586399361491
551.00	0.021309599280357
552.00	0.022735100239515
553.00	0.023402100428939
554.00	0.024066699668765
555.00	0.02604109980166
556.00	0.027270099148154
557.00	0.028655499219894
558.00	0.030890600755811
559.00	0.032064899802208
560.00	0.03366370126605
561.00	0.034942898899317
562.00	0.036720801144838
563.00	0.039013400673866
564.00	0.041250798851252
565.00	0.042259499430656
566.00	0.043935999274254
567.00	0.046215400099754
568.00	0.047979701310396
569.00	0.050718601793051
570.00	0.052255101501942
571.00	0.053606398403645
572.00	0.055719498544931
573.00	0.058234099298716
574.00	0.060452099889517
575.00	0.061991099268198
576.00	0.064210303127766
577.00	0.065745800733566
578.00	0.067883402109146
579.00	0.069573603570461
580.00	0.071675702929497
581.00	0.074079401791096
582.00	0.076082803308964
583.00	0.077753499150276
584.00	0.080218002200127
585.00	0.082517802715302
586.00	0.084940902888775
587.00	0.087456502020359
588.00	0.090803802013397
589.00	0.09342560172081
590.00	0.096457101404667
591.00	0.099481396377087
592.00	0.10333999991417
593.00	0.10642799735069
594.00	0.11082799732685
595.00	0.11533100157976
596.00	0.12046399712563
597.00	0.12480399757624
598.00	0.13019900023937
599.00	0.13543400168419
600.00	0.14148400723934
601.00	0.14843900501728
602.00	0.15522399544716
603.00	0.1617220044136
604.00	0.16905899345875
605.00	0.17780700325966
606.00	0.18494200706482
607.00	0.19336700439453
608.00	0.20195500552654
609.00	0.21020799875259
610.00	0.2192949950695
611.00	0.22826799750328
612.00	0.23680500686169
613.00	0.24538099765778
614.00	0.25463199615479
615.00	0.26202699542046
616.00	0.27027699351311
617.00	0.27784699201584
618.00	0.28468498587608
619.00	0.29174301028252
620.00	0.29709801077843
621.00	0.30270200967789
622.00	0.30750399827957
623.00	0.31177800893784
624.00	0.31511700153351
625.00	0.31737598776817
626.00	0.31598201394081
627.00	0.31902500987053
628.00	0.3285000026226
629.00	0.32954800128937
630.00	0.32710900902748
631.00	0.32619601488113
632.00	0.32686600089073
633.00	0.3286640048027
634.00	0.32850301265717
635.00	0.32896000146866
636.00	0.32968100905418
637.00	0.33237901329994
638.00	0.33495199680328
639.00	0.33779799938202
640.00	0.34195700287819
641.00	0.34415099024773
642.00	0.35048499703407
643.00	0.35850301384926
644.00	0.36688798666
645.00	0.37427899241447
646.00	0.38206800818443
647.00	0.3928709924221
648.00	0.40468001365662
649.00	0.41840299963951
650.00	0.432727009058
651.00	0.44893300533295
652.00	0.46746298670769
653.00	0.48570400476456
654.00	0.50526797771454
655.00	0.52829897403717
656.00	0.55223900079727
657.00	0.57040101289749
658.00	0.5968000292778
659.00	0.62169301509857
660.00	0.65220201015472
661.00	0.67971700429916
662.00	0.70718497037888
663.00	0.73703402280807
664.00	0.76658898591995
665.00	0.79663300514221
666.00	0.82609897851944
667.00	0.85554599761963
668.00	0.88130098581314
669.00	0.90636301040649
670.00	0.93015897274017
671.00	0.95180398225784
672.00	0.96819198131561
673.00	0.98270499706268
674.00	0.99293202161789
675.00	0.99858099222183
676.00	1
677.00	0.9962540268898
678.00	0.98798799514771
679.00	0.97541898488998
680.00	0.95778399705887
681.00	0.93537098169327
682.00	0.90956801176071
683.00	0.87929397821426
684.00	0.84559798240662
685.00	0.80891102552414
686.00	0.7705050110817
687.00	0.73063099384308
688.00	0.68705600500107
689.00	0.64544302225113
690.00	0.60064101219177
691.00	0.55888801813126
692.00	0.51766902208328
693.00	0.47570300102234
694.00	0.43636599183083
695.00	0.39879900217056
696.00	0.36271199584007
697.00	0.32810398936272
698.00	0.29642799496651
699.00	0.26663801074028
700.00	0.23943300545216
701.00	0.21388599276543
702.00	0.19163900613785
703.00	0.16987399756908
704.00	0.15152299404144
705.00	0.13335600495338
706.00	0.1185560002923
707.00	0.10424400120974
708.00	0.091411203145981
709.00	0.080883696675301
710.00	0.070543102920055
711.00	0.062030199915171
712.00	0.053220998495817
713.00	0.047123800963163
714.00	0.041152101010084
715.00	0.035526998341084
716.00	0.030413899570704
717.00	0.026102000847459
718.00	0.022503400221467
719.00	0.018880499526858
720.00	0.015831900760531
721.00	0.013130799867213
722.00	0.010673699900508
723.00	0.0091396402567625
724.00	0.007386100012809
725.00	0.0056203599087894
726.00	0.0044741099700332
727.00	0.0030632000416517
728.00	0.0015645299572498
729.00	0.00068897899473086
730.00	0.00035241601290181
731.00	0.0011621200246736
732.00	0.0014560000272468
733.00	0.0025388600770384
734.00	0.0037180599756539
735.00	0.0033168599475175
736.00	0.0041655898094177
737.00	0.0042472700588405
738.00	0.0043765502050519
739.00	0.005416720174253
740.00	0.0057471799664199
741.00	0.0053240400739014
742.00	0.0067093200050294
743.00	0.0067800302058458
744.00	0.0070458902046084
745.00	0.0072580501437187
746.00	0.0071434299461544
747.00	0.007025150116533
748.00	0.0074190301820636
749.00	0.007860460318625
750.00	0.0082872798666358
