wl	%T
250.00	0.17035199701786
251.00	0.16463199257851
252.00	0.15926299989223
253.00	0.15468700230122
254.00	0.15018799901009
255.00	0.14620600640774
256.00	0.1438080072403
257.00	0.14195999503136
258.00	0.14028799533844
259.00	0.13840700685978
260.00	0.13686700165272
261.00	0.13584400713444
262.00	0.1358550041914
263.00	0.13559100031853
264.00	0.13629500567913
265.00	0.13663600385189
266.00	0.13741700351238
267.00	0.13949599862099
268.00	0.14126700162888
269.00	0.14202600717545
270.00	0.14428099989891
271.00	0.14594200253487
272.00	0.14751499891281
273.00	0.14864799380302
274.00	0.15055100619793
275.00	0.15173900127411
276.00	0.153554007411
277.00	0.15540200471878
278.00	0.15672199428082
279.00	0.15725000202656
280.00	0.15664499998093
281.00	0.15446700155735
282.00	0.1507710069418
283.00	0.14782300591469
284.00	0.14524899423122
285.00	0.14400599896908
286.00	0.14047500491142
287.00	0.1358550041914
288.00	0.12682299315929
289.00	0.11804500222206
290.00	0.10806699842215
291.00	0.1003340035677
292.00	0.093250200152397
293.00	0.089367002248764
294.00	0.086231902241707
295.00	0.085856802761555
296.00	0.085571900010109
297.00	0.086363896727562
298.00	0.087320998311043
299.00	0.088927000761032
300.00	0.090247102081776
301.00	0.092227101325989
302.00	0.094339199364185
303.00	0.096154302358627
304.00	0.099377401173115
305.00	0.10212700068951
306.00	0.10542599856853
307.00	0.1071330010891
308.00	0.10755100101233
309.00	0.10705599933863
310.00	0.10294199734926
311.00	0.097396202385426
312.00	0.090214103460312
313.00	0.081358797848225
314.00	0.07234950363636
315.00	0.063692197203636
316.00	0.056277900934219
317.00	0.049897700548172
318.00	0.044397499412298
319.00	0.040580399334431
320.00	0.037742301821709
321.00	0.03493719920516
322.00	0.03330909833312
323.00	0.033155098557472
324.00	0.032418098300695
325.00	0.032132100313902
326.00	0.032660100609064
327.00	0.03347409889102
328.00	0.033793099224567
329.00	0.034321200102568
330.00	0.035652201622725
331.00	0.036862298846245
332.00	0.037885300815105
333.00	0.039348300546408
334.00	0.040591400116682
335.00	0.042406398802996
336.00	0.043671499937773
337.00	0.045651599764824
338.00	0.047301601618528
339.00	0.04886370152235
340.00	0.050722699612379
341.00	0.052614800632
342.00	0.054649900645018
343.00	0.056387901306152
344.00	0.058269001543522
345.00	0.059787001460791
346.00	0.062042098492384
347.00	0.063923202455044
348.00	0.06541919708252
349.00	0.067289300262928
350.00	0.069379396736622
351.00	0.071040399372578
352.00	0.072448499500751
353.00	0.074263498187065
354.00	0.075461499392986
355.00	0.077551499009132
356.00	0.078718699514866
357.00	0.080687701702118
358.00	0.081875801086426
359.00	0.083448797464371
360.00	0.084658898413181
361.00	0.086143903434277
362.00	0.087650999426842
363.00	0.088751003146172
364.00	0.089840099215508
365.00	0.090973101556301
366.00	0.091710098087788
367.00	0.092744201421738
368.00	0.093602202832699
369.00	0.093877196311951
370.00	0.094394199550152
371.00	0.094911202788353
372.00	0.094691202044487
373.00	0.094944201409817
374.00	0.094922199845314
375.00	0.094823196530342
376.00	0.094812199473381
377.00	0.094581201672554
378.00	0.094515196979046
379.00	0.094075202941895
380.00	0.094053201377392
381.00	0.093371197581291
382.00	0.092810198664665
383.00	0.091600097715855
384.00	0.091479100286961
385.00	0.091006100177765
386.00	0.089465998113155
387.00	0.088629998266697
388.00	0.087287999689579
389.00	0.085912898182869
390.00	0.084548898041248
391.00	0.082975797355175
392.00	0.081215798854828
393.00	0.079224698245525
394.00	0.077551499009132
395.00	0.075220599770546
396.00	0.073108501732349
397.00	0.070875398814678
398.00	0.068378299474716
399.00	0.065727196633816
400.00	0.063461199402809
401.00	0.06082110106945
402.00	0.057861998677254
403.00	0.055122900754213
404.00	0.052427798509598
405.00	0.049765698611736
406.00	0.04689459875226
407.00	0.044562499970198
408.00	0.041856400668621
409.00	0.039469301700592
410.00	0.037313301116228
411.00	0.034915201365948
412.00	0.03279209882021
413.00	0.030866999179125
414.00	0.029062999412417
415.00	0.027401899918914
416.00	0.025762900710106
417.00	0.024332800880075
418.00	0.022924799472094
419.00	0.0219457000494
420.00	0.020768700167537
421.00	0.020075699314475
422.00	0.019052600488067
423.00	0.018645599484444
424.00	0.018216600641608
425.00	0.018414599820971
426.00	0.017908599227667
427.00	0.018260600045323
428.00	0.018755599856377
429.00	0.018942600116134
430.00	0.020086700096726
431.00	0.020757699385285
432.00	0.021637700498104
433.00	0.023210799321532
434.00	0.024343799799681
435.00	0.02579589933157
436.00	0.02715989947319
437.00	0.029271999374032
438.00	0.030690999701619
439.00	0.032715100795031
440.00	0.034772198647261
441.00	0.036752201616764
442.00	0.039062298834324
443.00	0.041471399366856
444.00	0.044419500976801
445.00	0.047268599271774
446.00	0.050799701362848
447.00	0.054088801145554
448.00	0.057806998491287
449.00	0.061591099947691
450.00	0.066145196557045
451.00	0.071029402315617
452.00	0.076078601181507
453.00	0.08172070235014
454.00	0.087650999426842
455.00	0.094251200556755
456.00	0.10071899741888
457.00	0.10830999910831
458.00	0.11590000241995
459.00	0.1241279989481
460.00	0.13254399597645
461.00	0.14094799757004
462.00	0.15036399662495
463.00	0.15905399620533
464.00	0.16892200708389
465.00	0.17742499709129
466.00	0.18724800646305
467.00	0.19586199522018
468.00	0.20623500645161
469.00	0.21358299255371
470.00	0.2233520001173
471.00	0.23299899697304
472.00	0.24260200560093
473.00	0.25340500473976
474.00	0.26282098889351
475.00	0.27741798758507
476.00	0.28913399577141
477.00	0.30367600917816
478.00	0.31832900643349
479.00	0.33479601144791
480.00	0.35197898745537
481.00	0.37077900767326
482.00	0.39127200841904
483.00	0.41182100772858
484.00	0.43570300936699
485.00	0.4573960006237
486.00	0.48323500156403
487.00	0.50710600614548
488.00	0.53301197290421
489.00	0.55809301137924
490.00	0.58251398801804
491.00	0.60618698596954
492.00	0.62741702795029
493.00	0.64761400222778
494.00	0.66345500946045
495.00	0.67710602283478
496.00	0.68532299995422
497.00	0.68974500894547
498.00	0.68945902585983
499.00	0.68427801132202
500.00	0.67482900619507
501.00	0.66163802146912
502.00	0.64451199769974
503.00	0.62651497125626
504.00	0.60541701316833
505.00	0.58703500032425
506.00	0.56730002164841
507.00	0.55112999677658
508.00	0.53706002235413
509.00	0.52664297819138
510.00	0.51991099119186
511.00	0.5166329741478
512.00	0.51720499992371
513.00	0.52135199308395
514.00	0.5280510187149
515.00	0.53821498155594
516.00	0.5495679974556
517.00	0.56373602151871
518.00	0.57837802171707
519.00	0.59446001052856
520.00	0.61086201667786
521.00	0.62696599960327
522.00	0.64363199472427
523.00	0.65850400924683
524.00	0.67435598373413
525.00	0.6878200173378
526.00	0.70210999250412
527.00	0.71478199958801
528.00	0.72755402326584
529.00	0.73933500051498
530.00	0.7506440281868
531.00	0.76190799474716
532.00	0.77122497558594
533.00	0.7805979847908
534.00	0.78824299573898
535.00	0.79607498645782
536.00	0.80205899477005
537.00	0.8077899813652
538.00	0.81292802095413
539.00	0.81740498542786
540.00	0.82188200950623
541.00	0.82532501220703
542.00	0.82885599136353
543.00	0.83226597309113
544.00	0.83511501550674
545.00	0.83744698762894
546.00	0.83973598480225
547.00	0.84146302938461
548.00	0.84379500150681
549.00	0.8463140130043
550.00	0.84906399250031
551.00	0.85242998600006
552.00	0.85676401853561
553.00	0.86213201284409
554.00	0.86797398328781
555.00	0.87583899497986
556.00	0.88404500484467
557.00	0.89471501111984
558.00	0.90627700090408
559.00	0.92002701759338
560.00	0.93438297510147
561.00	0.95024502277374
562.00	0.96701002120972
563.00	0.98137599229813
564.00	0.9940710067749
565.00	1
566.00	0.99950498342514
567.00	0.98926401138306
568.00	0.9663280248642
569.00	0.9312589764595
570.00	0.88308799266815
571.00	0.82183802127838
572.00	0.75410902500153
573.00	0.67492800951004
574.00	0.60122501850128
575.00	0.51854699850082
576.00	0.44914498925209
577.00	0.37800601124763
578.00	0.31869199872017
579.00	0.26430600881577
580.00	0.21755400300026
581.00	0.17948199808598
582.00	0.14620600640774
583.00	0.12083899974823
584.00	0.098002299666405
585.00	0.081127800047398
586.00	0.065826199948788
587.00	0.054748900234699
588.00	0.044760499149561
589.00	0.037269301712513
590.00	0.030647000297904
591.00	0.025575900450349
592.00	0.021274700760841
593.00	0.017677599564195
594.00	0.014960500411689
595.00	0.012331400066614
596.00	0.010460300371051
597.00	0.0086132902652025
598.00	0.0071392399258912
599.00	0.0059291999787092
600.00	0.0045871599577367
601.00	0.003905130084604
602.00	0.0028820999432355
603.00	0.0023320799227804
604.00	0.0017820600187406
605.00	0.0012650400167331
606.00	0.00093503197422251
607.00	0.00047301599988714
608.00	0.00034101199707948
609.00	9.9999997473788E-6
610.00	9.9999997473788E-6
611.00	9.9999997473788E-6
612.00	9.9999997473788E-6
613.00	9.9999997473788E-6
614.00	9.9999997473788E-6
615.00	9.9999997473788E-6
616.00	9.9999997473788E-6
617.00	9.9999997473788E-6
618.00	9.9999997473788E-6
619.00	9.9999997473788E-6
620.00	9.9999997473788E-6
621.00	9.9999997473788E-6
622.00	9.9999997473788E-6
623.00	9.9999997473788E-6
624.00	9.9999997473788E-6
625.00	9.9999997473788E-6
626.00	9.9999997473788E-6
627.00	9.9999997473788E-6
628.00	9.9999997473788E-6
629.00	9.9999997473788E-6
630.00	9.9999997473788E-6
631.00	9.9999997473788E-6
632.00	9.9999997473788E-6
633.00	9.9999997473788E-6
634.00	9.9999997473788E-6
635.00	9.9999997473788E-6
636.00	9.9999997473788E-6
637.00	9.9999997473788E-6
638.00	9.9999997473788E-6
639.00	9.9999997473788E-6
640.00	9.9999997473788E-6
641.00	9.9999997473788E-6
642.00	9.9999997473788E-6
643.00	9.9999997473788E-6
644.00	9.9999997473788E-6
645.00	9.9999997473788E-6
646.00	9.9999997473788E-6
647.00	9.9999997473788E-6
648.00	9.9999997473788E-6
649.00	9.9999997473788E-6
650.00	9.9999997473788E-6
